# rtl-power-fftw output
# galactisch: 016
# antenne: 200-21
# dark: dark20170829153246
# data:016
# -b: 500
# -t: 150
# -g: 300
# -p: 0
# Acquisition start: 2017-09-19 19:20:48 UTC
# Acquisition end: 2017-09-19 19:23:20 UTC
#
# frequency [Hz] power spectral density [dB/Hz]
1.41940575e+09 3.21714
1.41940975e+09 3.18596
1.41941375e+09 3.20442
1.41941775e+09 3.21571
1.41942175e+09 3.20463
1.41942575e+09 3.21067
1.41942975e+09 3.19728
1.41943375e+09 3.2024
1.41943775e+09 3.19558
1.41944175e+09 3.18702
1.41944575e+09 3.1964
1.41944975e+09 3.1779
1.41945375e+09 3.18208
1.41945775e+09 3.17631
1.41946175e+09 3.15581
1.41946575e+09 3.14138
1.41946975e+09 3.14812
1.41947375e+09 3.1257
1.41947775e+09 3.13438
1.41948175e+09 3.12968
1.41948575e+09 3.11269
1.41948975e+09 3.09665
1.41949375e+09 3.09897
1.41949775e+09 3.07933
1.41950175e+09 3.0742
1.41950575e+09 3.06924
1.41950975e+09 3.0581
1.41951375e+09 3.04302
1.41951775e+09 3.03891
1.41952175e+09 3.03089
1.41952575e+09 3.03365
1.41952975e+09 3.03118
1.41953375e+09 3.01915
1.41953775e+09 3.02152
1.41954175e+09 3.01296
1.41954575e+09 3.00843
1.41954975e+09 3.0191
1.41955375e+09 3.01107
1.41955775e+09 3.00978
1.41956175e+09 3.01664
1.41956575e+09 3.00655
1.41956975e+09 2.99791
1.41957375e+09 3.00925
1.41957775e+09 3.01531
1.41958175e+09 3.02146
1.41958575e+09 3.00711
1.41958975e+09 3.01791
1.41959375e+09 2.98898
1.41959775e+09 3.00586
1.41960175e+09 3.00451
1.41960575e+09 3.00298
1.41960975e+09 3.00012
1.41961375e+09 3.0261
1.41961775e+09 3.01172
1.41962175e+09 3.03345
1.41962575e+09 3.0174
1.41962975e+09 3.02114
1.41963375e+09 3.02927
1.41963775e+09 3.02031
1.41964175e+09 3.02744
1.41964575e+09 3.03004
1.41964975e+09 3.03185
1.41965375e+09 3.03999
1.41965775e+09 3.04055
1.41966175e+09 3.03125
1.41966575e+09 3.05458
1.41966975e+09 3.03628
1.41967375e+09 3.05352
1.41967775e+09 3.03818
1.41968175e+09 3.05971
1.41968575e+09 3.07482
1.41968975e+09 3.08396
1.41969375e+09 3.08984
1.41969775e+09 3.06966
1.41970175e+09 3.07437
1.41970575e+09 3.08008
1.41970975e+09 3.08133
1.41971375e+09 3.08638
1.41971775e+09 3.08513
1.41972175e+09 3.09041
1.41972575e+09 3.10163
1.41972975e+09 3.09635
1.41973375e+09 3.10003
1.41973775e+09 3.09343
1.41974175e+09 3.12023
1.41974575e+09 3.11076
1.41974975e+09 3.09552
1.41975375e+09 3.09463
1.41975775e+09 3.11318
1.41976175e+09 3.10908
1.41976575e+09 3.12396
1.41976975e+09 3.12618
1.41977375e+09 3.1268
1.41977775e+09 3.1245
1.41978175e+09 3.14681
1.41978575e+09 3.14542
1.41978975e+09 3.15073
1.41979375e+09 3.13867
1.41979775e+09 3.15532
1.41980175e+09 3.14983
1.41980575e+09 3.14356
1.41980975e+09 3.14783
1.41981375e+09 3.1539
1.41981775e+09 3.16931
1.41982175e+09 3.16067
1.41982575e+09 3.15799
1.41982975e+09 3.18451
1.41983375e+09 3.15266
1.41983775e+09 3.17175
1.41984175e+09 3.16975
1.41984575e+09 3.18384
1.41984975e+09 3.17824
1.41985375e+09 3.18084
1.41985775e+09 3.17997
1.41986175e+09 3.1782
1.41986575e+09 3.1902
1.41986975e+09 3.18917
1.41987375e+09 3.18559
1.41987775e+09 3.19836
1.41988175e+09 3.18552
1.41988575e+09 3.20343
1.41988975e+09 3.21509
1.41989375e+09 3.1898
1.41989775e+09 3.20058
1.41990175e+09 3.19272
1.41990575e+09 3.18432
1.41990975e+09 3.20011
1.41991375e+09 3.21721
1.41991775e+09 3.21094
1.41992175e+09 3.20677
1.41992575e+09 3.21939
1.41992975e+09 3.21647
1.41993375e+09 3.21531
1.41993775e+09 3.2266
1.41994175e+09 3.21949
1.41994575e+09 3.20918
1.41994975e+09 3.21964
1.41995375e+09 3.21726
1.41995775e+09 3.236
1.41996175e+09 3.24149
1.41996575e+09 3.21652
1.41996975e+09 3.24056
1.41997375e+09 3.26579
1.41997775e+09 3.24413
1.41998175e+09 3.24999
1.41998575e+09 3.24379
1.41998975e+09 3.26668
1.41999375e+09 3.27047
1.41999775e+09 3.28268
1.42000175e+09 3.2831
1.42000575e+09 3.28987
1.42000975e+09 3.28881
1.42001375e+09 3.3053
1.42001775e+09 3.28073
1.42002175e+09 3.27312
1.42002575e+09 3.30005
1.42002975e+09 3.30432
1.42003375e+09 3.32118
1.42003775e+09 3.32951
1.42004175e+09 3.34466
1.42004575e+09 3.34123
1.42004975e+09 3.34013
1.42005375e+09 3.35401
1.42005775e+09 3.34364
1.42006175e+09 3.367
1.42006575e+09 3.3542
1.42006975e+09 3.37266
1.42007375e+09 3.39276
1.42007775e+09 3.38782
1.42008175e+09 3.39969
1.42008575e+09 3.39698
1.42008975e+09 3.42377
1.42009375e+09 3.42096
1.42009775e+09 3.4166
1.42010175e+09 3.41826
1.42010575e+09 3.44807
1.42010975e+09 3.44096
1.42011375e+09 3.45676
1.42011775e+09 3.46156
1.42012175e+09 3.47632
1.42012575e+09 3.48081
1.42012975e+09 3.46804
1.42013375e+09 3.46631
1.42013775e+09 3.48908
1.42014175e+09 3.50362
1.42014575e+09 3.48472
1.42014975e+09 3.46764
1.42015375e+09 3.37321
1.42015775e+09 3.51598
1.42016175e+09 3.56155
1.42016575e+09 3.56502
1.42016975e+09 3.562
1.42017375e+09 3.58161
1.42017775e+09 3.57252
1.42018175e+09 3.59674
1.42018575e+09 3.61047
1.42018975e+09 3.62226
1.42019375e+09 3.62459
1.42019775e+09 3.64265
1.42020175e+09 3.66029
1.42020575e+09 3.66517
1.42020975e+09 3.69225
1.42021375e+09 3.69673
1.42021775e+09 3.71569
1.42022175e+09 3.72269
1.42022575e+09 3.72946
1.42022975e+09 3.76985
1.42023375e+09 3.76291
1.42023775e+09 3.77153
1.42024175e+09 3.78079
1.42024575e+09 3.77358
1.42024975e+09 3.79202
1.42025375e+09 3.75881
1.42025775e+09 3.76189
1.42026175e+09 3.75658
1.42026575e+09 3.74033
1.42026975e+09 3.72309
1.42027375e+09 3.72155
1.42027775e+09 3.73999
1.42028175e+09 3.75181
1.42028575e+09 3.75608
1.42028975e+09 3.78153
1.42029375e+09 3.77442
1.42029775e+09 3.78033
1.42030175e+09 3.79548
1.42030575e+09 3.82054
1.42030975e+09 3.84554
1.42031375e+09 3.87036
1.42031775e+09 3.87871
1.42032175e+09 3.87542
1.42032575e+09 3.86364
1.42032975e+09 3.87253
1.42033375e+09 3.84797
1.42033775e+09 3.78168
1.42034175e+09 3.72683
1.42034575e+09 3.67295
1.42034975e+09 3.63257
1.42035375e+09 3.59633
1.42035775e+09 3.55498
1.42036175e+09 3.51894
1.42036575e+09 3.49597
1.42036975e+09 3.50777
1.42037375e+09 3.45873
1.42037775e+09 3.46892
1.42038175e+09 3.46161
1.42038575e+09 3.45976
1.42038975e+09 3.45051
1.42039375e+09 3.43611
1.42039775e+09 3.44846
1.42040175e+09 3.44248
1.42040575e+09 3.43962
1.42040975e+09 3.43685
1.42041375e+09 3.43658
1.42041775e+09 3.42401
1.42042175e+09 3.44803
1.42042575e+09 3.43236
1.42042975e+09 3.4533
1.42043375e+09 3.4446
1.42043775e+09 3.44667
1.42044175e+09 3.44798
1.42044575e+09 3.44437
1.42044975e+09 3.43112
1.42045375e+09 3.46068
1.42045775e+09 3.43674
1.42046175e+09 3.44504
1.42046575e+09 3.45234
1.42046975e+09 3.43726
1.42047375e+09 3.43924
1.42047775e+09 3.42907
1.42048175e+09 3.44135
1.42048575e+09 3.43631
1.42048975e+09 3.43045
1.42049375e+09 3.42285
1.42049775e+09 3.42749
1.42050175e+09 3.41983
1.42050575e+09 3.42295
1.42050975e+09 3.40748
1.42051375e+09 3.38533
1.42051775e+09 3.38469
1.42052175e+09 3.36135
1.42052575e+09 3.36514
1.42052975e+09 3.3643
1.42053375e+09 3.34597
1.42053775e+09 3.35611
1.42054175e+09 3.33866
1.42054575e+09 3.32815
1.42054975e+09 3.33664
1.42055375e+09 3.33994
1.42055775e+09 3.3179
1.42056175e+09 3.32053
1.42056575e+09 3.32172
1.42056975e+09 3.32062
1.42057375e+09 3.32399
1.42057775e+09 3.31328
1.42058175e+09 3.30024
1.42058575e+09 3.30073
1.42058975e+09 3.30639
1.42059375e+09 3.29767
1.42059775e+09 3.29403
1.42060175e+09 3.29073
1.42060575e+09 3.30436
1.42060975e+09 3.31077
1.42061375e+09 3.30268
1.42061775e+09 3.31013
1.42062175e+09 3.31492
1.42062575e+09 3.29598
1.42062975e+09 3.30543
1.42063375e+09 3.29268
1.42063775e+09 3.30509
1.42064175e+09 3.30537
1.42064575e+09 3.29776
1.42064975e+09 3.2935
1.42065375e+09 3.3005
1.42065775e+09 3.30781
1.42066175e+09 3.29296
1.42066575e+09 3.29584
1.42066975e+09 3.30376
1.42067375e+09 3.2839
1.42067775e+09 3.29947
1.42068175e+09 3.28361
1.42068575e+09 3.30727
1.42068975e+09 3.29615
1.42069375e+09 3.30065
1.42069775e+09 3.31334
1.42070175e+09 3.30258
1.42070575e+09 3.30115
1.42070975e+09 3.30668
1.42071375e+09 3.31115
1.42071775e+09 3.31148
1.42072175e+09 3.32236
1.42072575e+09 3.32926
1.42072975e+09 3.31907
1.42073375e+09 3.31386
1.42073775e+09 3.30648
1.42074175e+09 3.31356
1.42074575e+09 3.31085
1.42074975e+09 3.32274
1.42075375e+09 3.31163
1.42075775e+09 3.32114
1.42076175e+09 3.33077
1.42076575e+09 3.30749
1.42076975e+09 3.3136
1.42077375e+09 3.3344
1.42077775e+09 3.3205
1.42078175e+09 3.31895
1.42078575e+09 3.33766
1.42078975e+09 3.32971
1.42079375e+09 3.32119
1.42079775e+09 3.32509
1.42080175e+09 3.34662
1.42080575e+09 3.3532
1.42080975e+09 3.32423
1.42081375e+09 3.31867
1.42081775e+09 3.31938
1.42082175e+09 3.30214
1.42082575e+09 3.3146
1.42082975e+09 3.32357
1.42083375e+09 3.33097
1.42083775e+09 3.32676
1.42084175e+09 3.3301
1.42084575e+09 3.32578
1.42084975e+09 3.32795
1.42085375e+09 3.33299
1.42085775e+09 3.32923
1.42086175e+09 3.34057
1.42086575e+09 3.34635
1.42086975e+09 3.3377
1.42087375e+09 3.31998
1.42087775e+09 3.31487
1.42088175e+09 3.33619
1.42088575e+09 3.33714
1.42088975e+09 3.33101
1.42089375e+09 3.31852
1.42089775e+09 3.32119
1.42090175e+09 3.32585
1.42090575e+09 3.34294
1.42090975e+09 3.32385
1.42091375e+09 3.33314
1.42091775e+09 3.33061
1.42092175e+09 3.33697
1.42092575e+09 3.34365
1.42092975e+09 3.34968
1.42093375e+09 3.34748
1.42093775e+09 3.33965
1.42094175e+09 3.33937
1.42094575e+09 3.32942
1.42094975e+09 3.30794
1.42095375e+09 3.31543
1.42095775e+09 3.33451
1.42096175e+09 3.34186
1.42096575e+09 3.33207
1.42096975e+09 3.35115
1.42097375e+09 3.33812
1.42097775e+09 3.33186
1.42098175e+09 3.32832
1.42098575e+09 3.32482
1.42098975e+09 3.34486
1.42099375e+09 3.33801
1.42099775e+09 3.33608
1.42100175e+09 3.34546
1.42100575e+09 3.33375
1.42100975e+09 3.33603
1.42101375e+09 3.32941
1.42101775e+09 3.33911
1.42102175e+09 3.33377
1.42102575e+09 3.32272
1.42102975e+09 3.35453
1.42103375e+09 3.32608
1.42103775e+09 3.3384
1.42104175e+09 3.34842
1.42104575e+09 3.34232
1.42104975e+09 3.34486
1.42105375e+09 3.33721
1.42105775e+09 3.34286
1.42106175e+09 3.3396
1.42106575e+09 3.34328
1.42106975e+09 3.33987
1.42107375e+09 3.3612
1.42107775e+09 3.35144
1.42108175e+09 3.34755
1.42108575e+09 3.35097
1.42108975e+09 3.33606
1.42109375e+09 3.34036
1.42109775e+09 3.34061
1.42110175e+09 3.33535
1.42110575e+09 3.32957
1.42110975e+09 3.3492
1.42111375e+09 3.3278
1.42111775e+09 3.34172
1.42112175e+09 3.33374
1.42112575e+09 3.33036
1.42112975e+09 3.33671
1.42113375e+09 3.34426
1.42113775e+09 3.33937
1.42114175e+09 3.33272
1.42114575e+09 3.3376
1.42114975e+09 3.34837
1.42115375e+09 3.32195
1.42115775e+09 3.32518
1.42116175e+09 3.32676
1.42116575e+09 3.33776
1.42116975e+09 3.32368
1.42117375e+09 3.33242
1.42117775e+09 3.32158
1.42118175e+09 3.32566
1.42118575e+09 3.33798
1.42118975e+09 3.32276
1.42119375e+09 3.3143
1.42119775e+09 3.31842
1.42120175e+09 3.33784
1.42120575e+09 3.32085
1.42120975e+09 3.32108
1.42121375e+09 3.31934
1.42121775e+09 3.30662
1.42122175e+09 3.32721
1.42122575e+09 3.31346
1.42122975e+09 3.3096
1.42123375e+09 3.31743
1.42123775e+09 3.32434
1.42124175e+09 3.31573
1.42124575e+09 3.3003
1.42124975e+09 3.31433
1.42125375e+09 3.31259
1.42125775e+09 3.29332
1.42126175e+09 3.307
1.42126575e+09 3.30648
1.42126975e+09 3.27896
1.42127375e+09 3.29133
1.42127775e+09 3.29142
1.42128175e+09 3.2941
1.42128575e+09 3.28703
1.42128975e+09 3.27502
1.42129375e+09 3.29001
1.42129775e+09 3.27014
1.42130175e+09 3.26938
1.42130575e+09 3.28858
1.42130975e+09 3.2703
1.42131375e+09 3.25831
1.42131775e+09 3.2637
1.42132175e+09 3.2659
1.42132575e+09 3.26067
1.42132975e+09 3.25227
1.42133375e+09 3.26068
1.42133775e+09 3.24588
1.42134175e+09 3.2644
1.42134575e+09 3.24452
1.42134975e+09 3.2576
1.42135375e+09 3.24376
1.42135775e+09 3.23796
1.42136175e+09 3.21953
1.42136575e+09 3.22444
1.42136975e+09 3.22545
1.42137375e+09 3.24318
1.42137775e+09 3.22475
1.42138175e+09 3.22128
1.42138575e+09 3.22984
1.42138975e+09 3.22266
1.42139375e+09 3.22398
1.42139775e+09 3.20982
1.42140175e+09 3.21756


