# rtl-power-fftw output
# galactisch: 024
# antenne: 200-28
# dark: dark20170829153246
# data: A024_20170919193342
# -b: 500
# -t: 150
# -g: 300
# -p: 0
# Acquisition start: 2017-09-19 19:33:43 UTC
# Acquisition end: 2017-09-19 19:36:15 UTC
#
# frequency [Hz] power spectral density [dB/Hz]
1.41940575e+09 2.34947
1.41940975e+09 2.3264
1.41941375e+09 2.3413
1.41941775e+09 2.3367
1.41942175e+09 2.32825
1.41942575e+09 2.33874
1.41942975e+09 2.33224
1.41943375e+09 2.32197
1.41943775e+09 2.29933
1.41944175e+09 2.28374
1.41944575e+09 2.28615
1.41944975e+09 2.27299
1.41945375e+09 2.27012
1.41945775e+09 2.27322
1.41946175e+09 2.25489
1.41946575e+09 2.24226
1.41946975e+09 2.22953
1.41947375e+09 2.20703
1.41947775e+09 2.21742
1.41948175e+09 2.1984
1.41948575e+09 2.18651
1.41948975e+09 2.16656
1.41949375e+09 2.1662
1.41949775e+09 2.15885
1.41950175e+09 2.13803
1.41950575e+09 2.14457
1.41950975e+09 2.13075
1.41951375e+09 2.12698
1.41951775e+09 2.1182
1.41952175e+09 2.11479
1.41952575e+09 2.12295
1.41952975e+09 2.11557
1.41953375e+09 2.11564
1.41953775e+09 2.10257
1.41954175e+09 2.10158
1.41954575e+09 2.09091
1.41954975e+09 2.09815
1.41955375e+09 2.09427
1.41955775e+09 2.10807
1.41956175e+09 2.09468
1.41956575e+09 2.0983
1.41956975e+09 2.09058
1.41957375e+09 2.08662
1.41957775e+09 2.1017
1.41958175e+09 2.1109
1.41958575e+09 2.09196
1.41958975e+09 2.10383
1.41959375e+09 2.09254
1.41959775e+09 2.08633
1.41960175e+09 2.0644
1.41960575e+09 2.09519
1.41960975e+09 2.08879
1.41961375e+09 2.09748
1.41961775e+09 2.09478
1.41962175e+09 2.10841
1.41962575e+09 2.10043
1.41962975e+09 2.11197
1.41963375e+09 2.11145
1.41963775e+09 2.11223
1.41964175e+09 2.10863
1.41964575e+09 2.10865
1.41964975e+09 2.10656
1.41965375e+09 2.1261
1.41965775e+09 2.1158
1.41966175e+09 2.11795
1.41966575e+09 2.11942
1.41966975e+09 2.10935
1.41967375e+09 2.12372
1.41967775e+09 2.11727
1.41968175e+09 2.13783
1.41968575e+09 2.13326
1.41968975e+09 2.1569
1.41969375e+09 2.15064
1.41969775e+09 2.14744
1.41970175e+09 2.13483
1.41970575e+09 2.14742
1.41970975e+09 2.14533
1.41971375e+09 2.14548
1.41971775e+09 2.15092
1.41972175e+09 2.15407
1.41972575e+09 2.16035
1.41972975e+09 2.15149
1.41973375e+09 2.16916
1.41973775e+09 2.14803
1.41974175e+09 2.17038
1.41974575e+09 2.17737
1.41974975e+09 2.16864
1.41975375e+09 2.16387
1.41975775e+09 2.16628
1.41976175e+09 2.16522
1.41976575e+09 2.17398
1.41976975e+09 2.19428
1.41977375e+09 2.19953
1.41977775e+09 2.18686
1.41978175e+09 2.21745
1.41978575e+09 2.20819
1.41978975e+09 2.23797
1.41979375e+09 2.22678
1.41979775e+09 2.22245
1.41980175e+09 2.24093
1.41980575e+09 2.25274
1.41980975e+09 2.26052
1.41981375e+09 2.26381
1.41981775e+09 2.28223
1.41982175e+09 2.28848
1.41982575e+09 2.30236
1.41982975e+09 2.32992
1.41983375e+09 2.31414
1.41983775e+09 2.33138
1.41984175e+09 2.33801
1.41984575e+09 2.36099
1.41984975e+09 2.36157
1.41985375e+09 2.37782
1.41985775e+09 2.36868
1.41986175e+09 2.38191
1.41986575e+09 2.39948
1.41986975e+09 2.39006
1.41987375e+09 2.40577
1.41987775e+09 2.41573
1.41988175e+09 2.40423
1.41988575e+09 2.42398
1.41988975e+09 2.42767
1.41989375e+09 2.41319
1.41989775e+09 2.42459
1.41990175e+09 2.41771
1.41990575e+09 2.42151
1.41990975e+09 2.43624
1.41991375e+09 2.44701
1.41991775e+09 2.44097
1.41992175e+09 2.43858
1.41992575e+09 2.44139
1.41992975e+09 2.45264
1.41993375e+09 2.44733
1.41993775e+09 2.43105
1.41994175e+09 2.43667
1.41994575e+09 2.40762
1.41994975e+09 2.43726
1.41995375e+09 2.44763
1.41995775e+09 2.44808
1.41996175e+09 2.45319
1.41996575e+09 2.44203
1.41996975e+09 2.43796
1.41997375e+09 2.46298
1.41997775e+09 2.45624
1.41998175e+09 2.45508
1.41998575e+09 2.44911
1.41998975e+09 2.47107
1.41999375e+09 2.46719
1.41999775e+09 2.47315
1.42000175e+09 2.47432
1.42000575e+09 2.48933
1.42000975e+09 2.47111
1.42001375e+09 2.48075
1.42001775e+09 2.46661
1.42002175e+09 2.45496
1.42002575e+09 2.48342
1.42002975e+09 2.47649
1.42003375e+09 2.49342
1.42003775e+09 2.47927
1.42004175e+09 2.4976
1.42004575e+09 2.50972
1.42004975e+09 2.49957
1.42005375e+09 2.49284
1.42005775e+09 2.49623
1.42006175e+09 2.50242
1.42006575e+09 2.50062
1.42006975e+09 2.51622
1.42007375e+09 2.51772
1.42007775e+09 2.51803
1.42008175e+09 2.53543
1.42008575e+09 2.52174
1.42008975e+09 2.54375
1.42009375e+09 2.54362
1.42009775e+09 2.53559
1.42010175e+09 2.55061
1.42010575e+09 2.56554
1.42010975e+09 2.56332
1.42011375e+09 2.57224
1.42011775e+09 2.57938
1.42012175e+09 2.59772
1.42012575e+09 2.60296
1.42012975e+09 2.5879
1.42013375e+09 2.58789
1.42013775e+09 2.61738
1.42014175e+09 2.62518
1.42014575e+09 2.6067
1.42014975e+09 2.56481
1.42015375e+09 2.4717
1.42015775e+09 2.62655
1.42016175e+09 2.6511
1.42016575e+09 2.61879
1.42016975e+09 2.60887
1.42017375e+09 2.63049
1.42017775e+09 2.61836
1.42018175e+09 2.61908
1.42018575e+09 2.61414
1.42018975e+09 2.63109
1.42019375e+09 2.60996
1.42019775e+09 2.60994
1.42020175e+09 2.62984
1.42020575e+09 2.63056
1.42020975e+09 2.64723
1.42021375e+09 2.63717
1.42021775e+09 2.66332
1.42022175e+09 2.66639
1.42022575e+09 2.69871
1.42022975e+09 2.71434
1.42023375e+09 2.71004
1.42023775e+09 2.74931
1.42024175e+09 2.73276
1.42024575e+09 2.74523
1.42024975e+09 2.7806
1.42025375e+09 2.75054
1.42025775e+09 2.75759
1.42026175e+09 2.76474
1.42026575e+09 2.76437
1.42026975e+09 2.76564
1.42027375e+09 2.75362
1.42027775e+09 2.7939
1.42028175e+09 2.79541
1.42028575e+09 2.81292
1.42028975e+09 2.83727
1.42029375e+09 2.82522
1.42029775e+09 2.8447
1.42030175e+09 2.86186
1.42030575e+09 2.85238
1.42030975e+09 2.87213
1.42031375e+09 2.87609
1.42031775e+09 2.88374
1.42032175e+09 2.90039
1.42032575e+09 2.92351
1.42032975e+09 2.96362
1.42033375e+09 2.97174
1.42033775e+09 2.97289
1.42034175e+09 2.9541
1.42034575e+09 2.9163
1.42034975e+09 2.86394
1.42035375e+09 2.81391
1.42035775e+09 2.73468
1.42036175e+09 2.67497
1.42036575e+09 2.61141
1.42036975e+09 2.59056
1.42037375e+09 2.54938
1.42037775e+09 2.52011
1.42038175e+09 2.50446
1.42038575e+09 2.50784
1.42038975e+09 2.48939
1.42039375e+09 2.4824
1.42039775e+09 2.49056
1.42040175e+09 2.47549
1.42040575e+09 2.47486
1.42040975e+09 2.47432
1.42041375e+09 2.46534
1.42041775e+09 2.47209
1.42042175e+09 2.47918
1.42042575e+09 2.47061
1.42042975e+09 2.48093
1.42043375e+09 2.48653
1.42043775e+09 2.47943
1.42044175e+09 2.49079
1.42044575e+09 2.49021
1.42044975e+09 2.48997
1.42045375e+09 2.49974
1.42045775e+09 2.5029
1.42046175e+09 2.49951
1.42046575e+09 2.52226
1.42046975e+09 2.52929
1.42047375e+09 2.53119
1.42047775e+09 2.54384
1.42048175e+09 2.54961
1.42048575e+09 2.56205
1.42048975e+09 2.56616
1.42049375e+09 2.56878
1.42049775e+09 2.59227
1.42050175e+09 2.57923
1.42050575e+09 2.60731
1.42050975e+09 2.59994
1.42051375e+09 2.58214
1.42051775e+09 2.58365
1.42052175e+09 2.57452
1.42052575e+09 2.57785
1.42052975e+09 2.56294
1.42053375e+09 2.55486
1.42053775e+09 2.56572
1.42054175e+09 2.54752
1.42054575e+09 2.52637
1.42054975e+09 2.55081
1.42055375e+09 2.54441
1.42055775e+09 2.52098
1.42056175e+09 2.52626
1.42056575e+09 2.51517
1.42056975e+09 2.50299
1.42057375e+09 2.49416
1.42057775e+09 2.47889
1.42058175e+09 2.4647
1.42058575e+09 2.46621
1.42058975e+09 2.47855
1.42059375e+09 2.44904
1.42059775e+09 2.4432
1.42060175e+09 2.43164
1.42060575e+09 2.43963
1.42060975e+09 2.44342
1.42061375e+09 2.43821
1.42061775e+09 2.43353
1.42062175e+09 2.42639
1.42062575e+09 2.40952
1.42062975e+09 2.41543
1.42063375e+09 2.41429
1.42063775e+09 2.41018
1.42064175e+09 2.40574
1.42064575e+09 2.40192
1.42064975e+09 2.41485
1.42065375e+09 2.40367
1.42065775e+09 2.40315
1.42066175e+09 2.40887
1.42066575e+09 2.40206
1.42066975e+09 2.40405
1.42067375e+09 2.4024
1.42067775e+09 2.40205
1.42068175e+09 2.39623
1.42068575e+09 2.41988
1.42068975e+09 2.40713
1.42069375e+09 2.41112
1.42069775e+09 2.40904
1.42070175e+09 2.42417
1.42070575e+09 2.41257
1.42070975e+09 2.4224
1.42071375e+09 2.43186
1.42071775e+09 2.42317
1.42072175e+09 2.43054
1.42072575e+09 2.42205
1.42072975e+09 2.42692
1.42073375e+09 2.42896
1.42073775e+09 2.4216
1.42074175e+09 2.42585
1.42074575e+09 2.41735
1.42074975e+09 2.42584
1.42075375e+09 2.4183
1.42075775e+09 2.42051
1.42076175e+09 2.43562
1.42076575e+09 2.43182
1.42076975e+09 2.43443
1.42077375e+09 2.4311
1.42077775e+09 2.43249
1.42078175e+09 2.43359
1.42078575e+09 2.43378
1.42078975e+09 2.41965
1.42079375e+09 2.43007
1.42079775e+09 2.44351
1.42080175e+09 2.43824
1.42080575e+09 2.46841
1.42080975e+09 2.43793
1.42081375e+09 2.43418
1.42081775e+09 2.42873
1.42082175e+09 2.41589
1.42082575e+09 2.43069
1.42082975e+09 2.42834
1.42083375e+09 2.4559
1.42083775e+09 2.4415
1.42084175e+09 2.43195
1.42084575e+09 2.44182
1.42084975e+09 2.44746
1.42085375e+09 2.43443
1.42085775e+09 2.43542
1.42086175e+09 2.44774
1.42086575e+09 2.45219
1.42086975e+09 2.45663
1.42087375e+09 2.43558
1.42087775e+09 2.44116
1.42088175e+09 2.43986
1.42088575e+09 2.46098
1.42088975e+09 2.45185
1.42089375e+09 2.44188
1.42089775e+09 2.44339
1.42090175e+09 2.45243
1.42090575e+09 2.45179
1.42090975e+09 2.44574
1.42091375e+09 2.44887
1.42091775e+09 2.45174
1.42092175e+09 2.45727
1.42092575e+09 2.4642
1.42092975e+09 2.45897
1.42093375e+09 2.47794
1.42093775e+09 2.45767
1.42094175e+09 2.45848
1.42094575e+09 2.45789
1.42094975e+09 2.43642
1.42095375e+09 2.45202
1.42095775e+09 2.4634
1.42096175e+09 2.46668
1.42096575e+09 2.47311
1.42096975e+09 2.46603
1.42097375e+09 2.47564
1.42097775e+09 2.46186
1.42098175e+09 2.45214
1.42098575e+09 2.4548
1.42098975e+09 2.47013
1.42099375e+09 2.45858
1.42099775e+09 2.45928
1.42100175e+09 2.47702
1.42100575e+09 2.46181
1.42100975e+09 2.4711
1.42101375e+09 2.48015
1.42101775e+09 2.47241
1.42102175e+09 2.46221
1.42102575e+09 2.46217
1.42102975e+09 2.47797
1.42103375e+09 2.46592
1.42103775e+09 2.46958
1.42104175e+09 2.4882
1.42104575e+09 2.47344
1.42104975e+09 2.4787
1.42105375e+09 2.47487
1.42105775e+09 2.48794
1.42106175e+09 2.47946
1.42106575e+09 2.47117
1.42106975e+09 2.48249
1.42107375e+09 2.49635
1.42107775e+09 2.50487
1.42108175e+09 2.48659
1.42108575e+09 2.48329
1.42108975e+09 2.48332
1.42109375e+09 2.48084
1.42109775e+09 2.48138
1.42110175e+09 2.48996
1.42110575e+09 2.486
1.42110975e+09 2.48549
1.42111375e+09 2.46974
1.42111775e+09 2.48394
1.42112175e+09 2.48007
1.42112575e+09 2.47239
1.42112975e+09 2.48324
1.42113375e+09 2.47578
1.42113775e+09 2.49513
1.42114175e+09 2.49163
1.42114575e+09 2.48295
1.42114975e+09 2.49183
1.42115375e+09 2.47072
1.42115775e+09 2.46588
1.42116175e+09 2.49273
1.42116575e+09 2.49882
1.42116975e+09 2.46959
1.42117375e+09 2.47977
1.42117775e+09 2.49131
1.42118175e+09 2.47325
1.42118575e+09 2.48587
1.42118975e+09 2.48258
1.42119375e+09 2.4785
1.42119775e+09 2.4845
1.42120175e+09 2.50058
1.42120575e+09 2.47933
1.42120975e+09 2.48237
1.42121375e+09 2.48818
1.42121775e+09 2.47777
1.42122175e+09 2.4854
1.42122575e+09 2.49216
1.42122975e+09 2.4922
1.42123375e+09 2.48618
1.42123775e+09 2.47532
1.42124175e+09 2.48733
1.42124575e+09 2.48582
1.42124975e+09 2.48494
1.42125375e+09 2.47327
1.42125775e+09 2.46135
1.42126175e+09 2.47683
1.42126575e+09 2.47245
1.42126975e+09 2.45842
1.42127375e+09 2.46726
1.42127775e+09 2.48236
1.42128175e+09 2.46543
1.42128575e+09 2.47338
1.42128975e+09 2.46466
1.42129375e+09 2.47521
1.42129775e+09 2.45975
1.42130175e+09 2.45809
1.42130575e+09 2.46635
1.42130975e+09 2.45213
1.42131375e+09 2.45764
1.42131775e+09 2.44601
1.42132175e+09 2.45871
1.42132575e+09 2.44315
1.42132975e+09 2.41974
1.42133375e+09 2.43234
1.42133775e+09 2.42326
1.42134175e+09 2.44458
1.42134575e+09 2.42968
1.42134975e+09 2.42477
1.42135375e+09 2.41038
1.42135775e+09 2.40534
1.42136175e+09 2.40582
1.42136575e+09 2.38909
1.42136975e+09 2.41294
1.42137375e+09 2.4126
1.42137775e+09 2.39468
1.42138175e+09 2.40074
1.42138575e+09 2.39476
1.42138975e+09 2.40652
1.42139375e+09 2.37564
1.42139775e+09 2.37096
1.42140175e+09 2.3668


