# rtl-power-fftw output
# galactisch: 032
# antenne: 202-35
# dark: dark20170829153246
# data: A032_20170919194436
# -b: 500
# -t: 150
# -g: 300
# -p: 0
# Acquisition start: 2017-09-19 19:44:37 UTC
# Acquisition end: 2017-09-19 19:47:09 UTC
#
# frequency [Hz] power spectral density [dB/Hz]
1.41940575e+09 2.45097
1.41940975e+09 2.42568
1.41941375e+09 2.45373
1.41941775e+09 2.44492
1.41942175e+09 2.43696
1.41942575e+09 2.44329
1.41942975e+09 2.44046
1.41943375e+09 2.43137
1.41943775e+09 2.41798
1.41944175e+09 2.42469
1.41944575e+09 2.42454
1.41944975e+09 2.41263
1.41945375e+09 2.40594
1.41945775e+09 2.40043
1.41946175e+09 2.39177
1.41946575e+09 2.37647
1.41946975e+09 2.37226
1.41947375e+09 2.36094
1.41947775e+09 2.37136
1.41948175e+09 2.34488
1.41948575e+09 2.33973
1.41948975e+09 2.32857
1.41949375e+09 2.34107
1.41949775e+09 2.33058
1.41950175e+09 2.31695
1.41950575e+09 2.3128
1.41950975e+09 2.29598
1.41951375e+09 2.29793
1.41951775e+09 2.29512
1.41952175e+09 2.27471
1.41952575e+09 2.29635
1.41952975e+09 2.29076
1.41953375e+09 2.27969
1.41953775e+09 2.27234
1.41954175e+09 2.2736
1.41954575e+09 2.27371
1.41954975e+09 2.2704
1.41955375e+09 2.26844
1.41955775e+09 2.27624
1.41956175e+09 2.27623
1.41956575e+09 2.28168
1.41956975e+09 2.25706
1.41957375e+09 2.27094
1.41957775e+09 2.27376
1.41958175e+09 2.27351
1.41958575e+09 2.27576
1.41958975e+09 2.26736
1.41959375e+09 2.25874
1.41959775e+09 2.25451
1.41960175e+09 2.24502
1.41960575e+09 2.26254
1.41960975e+09 2.26379
1.41961375e+09 2.27145
1.41961775e+09 2.27082
1.41962175e+09 2.28288
1.41962575e+09 2.26931
1.41962975e+09 2.28357
1.41963375e+09 2.28081
1.41963775e+09 2.28112
1.41964175e+09 2.27374
1.41964575e+09 2.27545
1.41964975e+09 2.2913
1.41965375e+09 2.28812
1.41965775e+09 2.27686
1.41966175e+09 2.28329
1.41966575e+09 2.30501
1.41966975e+09 2.26996
1.41967375e+09 2.28952
1.41967775e+09 2.28207
1.41968175e+09 2.29608
1.41968575e+09 2.31063
1.41968975e+09 2.32652
1.41969375e+09 2.31311
1.41969775e+09 2.30649
1.41970175e+09 2.31131
1.41970575e+09 2.30281
1.41970975e+09 2.29794
1.41971375e+09 2.31361
1.41971775e+09 2.29331
1.41972175e+09 2.29955
1.41972575e+09 2.30652
1.41972975e+09 2.3056
1.41973375e+09 2.31044
1.41973775e+09 2.29869
1.41974175e+09 2.30487
1.41974575e+09 2.30665
1.41974975e+09 2.30936
1.41975375e+09 2.2965
1.41975775e+09 2.3146
1.41976175e+09 2.30438
1.41976575e+09 2.30893
1.41976975e+09 2.32588
1.41977375e+09 2.31527
1.41977775e+09 2.3119
1.41978175e+09 2.3246
1.41978575e+09 2.31979
1.41978975e+09 2.33257
1.41979375e+09 2.32751
1.41979775e+09 2.32961
1.41980175e+09 2.33549
1.41980575e+09 2.33148
1.41980975e+09 2.34875
1.41981375e+09 2.35204
1.41981775e+09 2.37033
1.41982175e+09 2.36223
1.41982575e+09 2.3686
1.41982975e+09 2.38658
1.41983375e+09 2.36923
1.41983775e+09 2.36934
1.41984175e+09 2.39297
1.41984575e+09 2.41194
1.41984975e+09 2.39753
1.41985375e+09 2.41486
1.41985775e+09 2.41761
1.41986175e+09 2.42319
1.41986575e+09 2.44134
1.41986975e+09 2.44208
1.41987375e+09 2.44385
1.41987775e+09 2.45884
1.41988175e+09 2.46031
1.41988575e+09 2.46487
1.41988975e+09 2.47408
1.41989375e+09 2.47134
1.41989775e+09 2.4905
1.41990175e+09 2.47371
1.41990575e+09 2.47182
1.41990975e+09 2.4898
1.41991375e+09 2.51787
1.41991775e+09 2.51974
1.41992175e+09 2.51886
1.41992575e+09 2.52486
1.41992975e+09 2.54036
1.41993375e+09 2.54827
1.41993775e+09 2.53325
1.41994175e+09 2.54437
1.41994575e+09 2.54974
1.41994975e+09 2.56014
1.41995375e+09 2.58778
1.41995775e+09 2.59195
1.41996175e+09 2.58103
1.41996575e+09 2.59055
1.41996975e+09 2.60286
1.41997375e+09 2.61616
1.41997775e+09 2.61141
1.41998175e+09 2.62067
1.41998575e+09 2.6083
1.41998975e+09 2.61713
1.41999375e+09 2.62186
1.41999775e+09 2.62879
1.42000175e+09 2.62712
1.42000575e+09 2.64398
1.42000975e+09 2.62239
1.42001375e+09 2.63204
1.42001775e+09 2.61562
1.42002175e+09 2.60745
1.42002575e+09 2.61029
1.42002975e+09 2.62738
1.42003375e+09 2.6205
1.42003775e+09 2.63534
1.42004175e+09 2.65369
1.42004575e+09 2.65839
1.42004975e+09 2.64769
1.42005375e+09 2.64425
1.42005775e+09 2.63377
1.42006175e+09 2.65603
1.42006575e+09 2.65822
1.42006975e+09 2.67562
1.42007375e+09 2.69526
1.42007775e+09 2.69772
1.42008175e+09 2.72491
1.42008575e+09 2.72137
1.42008975e+09 2.75556
1.42009375e+09 2.74979
1.42009775e+09 2.77708
1.42010175e+09 2.76403
1.42010575e+09 2.78256
1.42010975e+09 2.78099
1.42011375e+09 2.79465
1.42011775e+09 2.79893
1.42012175e+09 2.81208
1.42012575e+09 2.80199
1.42012975e+09 2.79571
1.42013375e+09 2.79349
1.42013775e+09 2.80997
1.42014175e+09 2.81066
1.42014575e+09 2.79112
1.42014975e+09 2.74871
1.42015375e+09 2.66557
1.42015775e+09 2.81731
1.42016175e+09 2.8445
1.42016575e+09 2.83662
1.42016975e+09 2.8383
1.42017375e+09 2.86451
1.42017775e+09 2.85746
1.42018175e+09 2.88049
1.42018575e+09 2.87527
1.42018975e+09 2.88505
1.42019375e+09 2.88134
1.42019775e+09 2.90398
1.42020175e+09 2.90482
1.42020575e+09 2.91945
1.42020975e+09 2.9323
1.42021375e+09 2.91651
1.42021775e+09 2.9285
1.42022175e+09 2.93553
1.42022575e+09 2.94301
1.42022975e+09 2.97149
1.42023375e+09 2.95062
1.42023775e+09 2.94808
1.42024175e+09 2.948
1.42024575e+09 2.92704
1.42024975e+09 3.06551
1.42025375e+09 2.91691
1.42025775e+09 2.91143
1.42026175e+09 2.91325
1.42026575e+09 2.8931
1.42026975e+09 2.90443
1.42027375e+09 2.90618
1.42027775e+09 2.93972
1.42028175e+09 2.95507
1.42028575e+09 2.98112
1.42028975e+09 3.02158
1.42029375e+09 3.02951
1.42029775e+09 3.04531
1.42030175e+09 3.0706
1.42030575e+09 3.07167
1.42030975e+09 3.08475
1.42031375e+09 3.07267
1.42031775e+09 3.07216
1.42032175e+09 3.0675
1.42032575e+09 3.08224
1.42032975e+09 3.09648
1.42033375e+09 3.0929
1.42033775e+09 3.0955
1.42034175e+09 3.09335
1.42034575e+09 3.0691
1.42034975e+09 3.06763
1.42035375e+09 3.0434
1.42035775e+09 2.96814
1.42036175e+09 2.91084
1.42036575e+09 2.83429
1.42036975e+09 2.78579
1.42037375e+09 2.71041
1.42037775e+09 2.67165
1.42038175e+09 2.62712
1.42038575e+09 2.61334
1.42038975e+09 2.5937
1.42039375e+09 2.57103
1.42039775e+09 2.56853
1.42040175e+09 2.55724
1.42040575e+09 2.55411
1.42040975e+09 2.55107
1.42041375e+09 2.54427
1.42041775e+09 2.55701
1.42042175e+09 2.56065
1.42042575e+09 2.5601
1.42042975e+09 2.55687
1.42043375e+09 2.56218
1.42043775e+09 2.55999
1.42044175e+09 2.57584
1.42044575e+09 2.57199
1.42044975e+09 2.58965
1.42045375e+09 2.5875
1.42045775e+09 2.58233
1.42046175e+09 2.58935
1.42046575e+09 2.60511
1.42046975e+09 2.60927
1.42047375e+09 2.61733
1.42047775e+09 2.61438
1.42048175e+09 2.63837
1.42048575e+09 2.64565
1.42048975e+09 2.63732
1.42049375e+09 2.65305
1.42049775e+09 2.66506
1.42050175e+09 2.67017
1.42050575e+09 2.67945
1.42050975e+09 2.67356
1.42051375e+09 2.67212
1.42051775e+09 2.68391
1.42052175e+09 2.67909
1.42052575e+09 2.68644
1.42052975e+09 2.69198
1.42053375e+09 2.69311
1.42053775e+09 2.69345
1.42054175e+09 2.69656
1.42054575e+09 2.691
1.42054975e+09 2.69071
1.42055375e+09 2.69563
1.42055775e+09 2.68279
1.42056175e+09 2.68284
1.42056575e+09 2.68914
1.42056975e+09 2.68515
1.42057375e+09 2.69674
1.42057775e+09 2.66687
1.42058175e+09 2.67584
1.42058575e+09 2.67631
1.42058975e+09 2.67089
1.42059375e+09 2.67163
1.42059775e+09 2.66821
1.42060175e+09 2.66833
1.42060575e+09 2.6759
1.42060975e+09 2.67085
1.42061375e+09 2.6778
1.42061775e+09 2.66621
1.42062175e+09 2.65323
1.42062575e+09 2.64473
1.42062975e+09 2.65866
1.42063375e+09 2.6429
1.42063775e+09 2.63954
1.42064175e+09 2.62106
1.42064575e+09 2.62909
1.42064975e+09 2.61848
1.42065375e+09 2.59535
1.42065775e+09 2.60028
1.42066175e+09 2.58129
1.42066575e+09 2.56591
1.42066975e+09 2.57207
1.42067375e+09 2.55271
1.42067775e+09 2.54903
1.42068175e+09 2.53977
1.42068575e+09 2.54522
1.42068975e+09 2.53386
1.42069375e+09 2.52749
1.42069775e+09 2.54279
1.42070175e+09 2.54247
1.42070575e+09 2.53504
1.42070975e+09 2.53108
1.42071375e+09 2.53687
1.42071775e+09 2.53433
1.42072175e+09 2.53523
1.42072575e+09 2.53228
1.42072975e+09 2.52629
1.42073375e+09 2.53205
1.42073775e+09 2.52956
1.42074175e+09 2.53062
1.42074575e+09 2.51591
1.42074975e+09 2.51822
1.42075375e+09 2.51361
1.42075775e+09 2.53111
1.42076175e+09 2.52715
1.42076575e+09 2.5307
1.42076975e+09 2.51687
1.42077375e+09 2.52749
1.42077775e+09 2.52162
1.42078175e+09 2.52602
1.42078575e+09 2.54481
1.42078975e+09 2.52797
1.42079375e+09 2.52698
1.42079775e+09 2.5366
1.42080175e+09 2.54354
1.42080575e+09 2.54891
1.42080975e+09 2.53369
1.42081375e+09 2.52678
1.42081775e+09 2.51332
1.42082175e+09 2.50892
1.42082575e+09 2.53001
1.42082975e+09 2.52618
1.42083375e+09 2.52852
1.42083775e+09 2.53239
1.42084175e+09 2.54284
1.42084575e+09 2.53282
1.42084975e+09 2.52059
1.42085375e+09 2.52676
1.42085775e+09 2.53197
1.42086175e+09 2.53625
1.42086575e+09 2.54032
1.42086975e+09 2.54976
1.42087375e+09 2.53088
1.42087775e+09 2.52673
1.42088175e+09 2.54795
1.42088575e+09 2.55119
1.42088975e+09 2.53454
1.42089375e+09 2.52614
1.42089775e+09 2.53496
1.42090175e+09 2.54065
1.42090575e+09 2.54672
1.42090975e+09 2.53956
1.42091375e+09 2.53537
1.42091775e+09 2.55073
1.42092175e+09 2.55346
1.42092575e+09 2.54418
1.42092975e+09 2.54593
1.42093375e+09 2.55708
1.42093775e+09 2.53595
1.42094175e+09 2.54043
1.42094575e+09 2.53823
1.42094975e+09 2.50421
1.42095375e+09 2.5365
1.42095775e+09 2.5482
1.42096175e+09 2.55934
1.42096575e+09 2.55315
1.42096975e+09 2.54638
1.42097375e+09 2.54395
1.42097775e+09 2.53397
1.42098175e+09 2.54162
1.42098575e+09 2.53624
1.42098975e+09 2.55571
1.42099375e+09 2.54845
1.42099775e+09 2.55769
1.42100175e+09 2.54637
1.42100575e+09 2.53654
1.42100975e+09 2.54753
1.42101375e+09 2.53754
1.42101775e+09 2.54291
1.42102175e+09 2.55051
1.42102575e+09 2.55437
1.42102975e+09 2.54883
1.42103375e+09 2.54092
1.42103775e+09 2.55393
1.42104175e+09 2.56064
1.42104575e+09 2.5401
1.42104975e+09 2.55742
1.42105375e+09 2.5523
1.42105775e+09 2.55442
1.42106175e+09 2.54438
1.42106575e+09 2.55141
1.42106975e+09 2.5573
1.42107375e+09 2.5816
1.42107775e+09 2.56483
1.42108175e+09 2.55741
1.42108575e+09 2.55669
1.42108975e+09 2.55234
1.42109375e+09 2.56033
1.42109775e+09 2.54998
1.42110175e+09 2.54683
1.42110575e+09 2.55316
1.42110975e+09 2.5608
1.42111375e+09 2.5408
1.42111775e+09 2.54655
1.42112175e+09 2.55294
1.42112575e+09 2.5655
1.42112975e+09 2.54475
1.42113375e+09 2.55702
1.42113775e+09 2.54734
1.42114175e+09 2.54349
1.42114575e+09 2.54246
1.42114975e+09 2.56079
1.42115375e+09 2.53757
1.42115775e+09 2.53861
1.42116175e+09 2.54337
1.42116575e+09 2.56146
1.42116975e+09 2.54534
1.42117375e+09 2.54221
1.42117775e+09 2.55166
1.42118175e+09 2.54526
1.42118575e+09 2.55336
1.42118975e+09 2.54131
1.42119375e+09 2.5495
1.42119775e+09 2.54875
1.42120175e+09 2.55847
1.42120575e+09 2.5321
1.42120975e+09 2.54546
1.42121375e+09 2.56
1.42121775e+09 2.5483
1.42122175e+09 2.5547
1.42122575e+09 2.56169
1.42122975e+09 2.54696
1.42123375e+09 2.53784
1.42123775e+09 2.54066
1.42124175e+09 2.53495
1.42124575e+09 2.52909
1.42124975e+09 2.55333
1.42125375e+09 2.55355
1.42125775e+09 2.5212
1.42126175e+09 2.53228
1.42126575e+09 2.53879
1.42126975e+09 2.52791
1.42127375e+09 2.54089
1.42127775e+09 2.53797
1.42128175e+09 2.52243
1.42128575e+09 2.53881
1.42128975e+09 2.50744
1.42129375e+09 2.52291
1.42129775e+09 2.50554
1.42130175e+09 2.51857
1.42130575e+09 2.52985
1.42130975e+09 2.50959
1.42131375e+09 2.50709
1.42131775e+09 2.51764
1.42132175e+09 2.51696
1.42132575e+09 2.50729
1.42132975e+09 2.49652
1.42133375e+09 2.49983
1.42133775e+09 2.4929
1.42134175e+09 2.50626
1.42134575e+09 2.49908
1.42134975e+09 2.49087
1.42135375e+09 2.48443
1.42135775e+09 2.48721
1.42136175e+09 2.4801
1.42136575e+09 2.486
1.42136975e+09 2.47933
1.42137375e+09 2.50666
1.42137775e+09 2.47138
1.42138175e+09 2.4856
1.42138575e+09 2.48592
1.42138975e+09 2.47327
1.42139375e+09 2.45886
1.42139775e+09 2.45952
1.42140175e+09 2.46616


