# rtl-power-fftw output
# galactisch: 036
# antenne: 202-39
# dark: dark20170829153246
# data: A036_20170919194900
# -b: 500
# -t: 150
# -g: 300
# -p: 0
# Acquisition start: 2017-09-19 19:49:01 UTC
# Acquisition end: 2017-09-19 19:51:32 UTC
#
# frequency [Hz] power spectral density [dB/Hz]
1.41940575e+09 2.26573
1.41940975e+09 2.25279
1.41941375e+09 2.2607
1.41941775e+09 2.26141
1.41942175e+09 2.25395
1.41942575e+09 2.26296
1.41942975e+09 2.25589
1.41943375e+09 2.25273
1.41943775e+09 2.23457
1.41944175e+09 2.2231
1.41944575e+09 2.23509
1.41944975e+09 2.2227
1.41945375e+09 2.22048
1.41945775e+09 2.21723
1.41946175e+09 2.19569
1.41946575e+09 2.18734
1.41946975e+09 2.1912
1.41947375e+09 2.16467
1.41947775e+09 2.17173
1.41948175e+09 2.17292
1.41948575e+09 2.15762
1.41948975e+09 2.13922
1.41949375e+09 2.14793
1.41949775e+09 2.13242
1.41950175e+09 2.12263
1.41950575e+09 2.14065
1.41950975e+09 2.12429
1.41951375e+09 2.10128
1.41951775e+09 2.10356
1.41952175e+09 2.09408
1.41952575e+09 2.08394
1.41952975e+09 2.10748
1.41953375e+09 2.07879
1.41953775e+09 2.08958
1.41954175e+09 2.07244
1.41954575e+09 2.06557
1.41954975e+09 2.07491
1.41955375e+09 2.0706
1.41955775e+09 2.07594
1.41956175e+09 2.0783
1.41956575e+09 2.0841
1.41956975e+09 2.06062
1.41957375e+09 2.0668
1.41957775e+09 2.07436
1.41958175e+09 2.08621
1.41958575e+09 2.06686
1.41958975e+09 2.08002
1.41959375e+09 2.06213
1.41959775e+09 2.05788
1.41960175e+09 2.04873
1.41960575e+09 2.06379
1.41960975e+09 2.07006
1.41961375e+09 2.08087
1.41961775e+09 2.0631
1.41962175e+09 2.07849
1.41962575e+09 2.06884
1.41962975e+09 2.07835
1.41963375e+09 2.08967
1.41963775e+09 2.08405
1.41964175e+09 2.07643
1.41964575e+09 2.07902
1.41964975e+09 2.08077
1.41965375e+09 2.07918
1.41965775e+09 2.08872
1.41966175e+09 2.0855
1.41966575e+09 2.08729
1.41966975e+09 2.0881
1.41967375e+09 2.09657
1.41967775e+09 2.08359
1.41968175e+09 2.09076
1.41968575e+09 2.11335
1.41968975e+09 2.10987
1.41969375e+09 2.11258
1.41969775e+09 2.10023
1.41970175e+09 2.09882
1.41970575e+09 2.09601
1.41970975e+09 2.09829
1.41971375e+09 2.1059
1.41971775e+09 2.09195
1.41972175e+09 2.10513
1.41972575e+09 2.11771
1.41972975e+09 2.09923
1.41973375e+09 2.11104
1.41973775e+09 2.08792
1.41974175e+09 2.11372
1.41974575e+09 2.10739
1.41974975e+09 2.09391
1.41975375e+09 2.09214
1.41975775e+09 2.10863
1.41976175e+09 2.10399
1.41976575e+09 2.10355
1.41976975e+09 2.11509
1.41977375e+09 2.12213
1.41977775e+09 2.11824
1.41978175e+09 2.1202
1.41978575e+09 2.1144
1.41978975e+09 2.12117
1.41979375e+09 2.11276
1.41979775e+09 2.12084
1.41980175e+09 2.11286
1.41980575e+09 2.11846
1.41980975e+09 2.12846
1.41981375e+09 2.12611
1.41981775e+09 2.1258
1.41982175e+09 2.13285
1.41982575e+09 2.12836
1.41982975e+09 2.14276
1.41983375e+09 2.1265
1.41983775e+09 2.1273
1.41984175e+09 2.13204
1.41984575e+09 2.14596
1.41984975e+09 2.15325
1.41985375e+09 2.15142
1.41985775e+09 2.146
1.41986175e+09 2.1531
1.41986575e+09 2.16545
1.41986975e+09 2.15196
1.41987375e+09 2.16309
1.41987775e+09 2.17337
1.41988175e+09 2.16074
1.41988575e+09 2.17055
1.41988975e+09 2.18687
1.41989375e+09 2.17555
1.41989775e+09 2.17401
1.41990175e+09 2.17625
1.41990575e+09 2.17309
1.41990975e+09 2.19185
1.41991375e+09 2.20437
1.41991775e+09 2.20949
1.41992175e+09 2.20926
1.41992575e+09 2.21123
1.41992975e+09 2.22693
1.41993375e+09 2.23683
1.41993775e+09 2.23468
1.41994175e+09 2.23839
1.41994575e+09 2.23309
1.41994975e+09 2.25536
1.41995375e+09 2.2568
1.41995775e+09 2.2972
1.41996175e+09 2.2972
1.41996575e+09 2.28822
1.41996975e+09 2.3081
1.41997375e+09 2.32391
1.41997775e+09 2.31693
1.41998175e+09 2.33194
1.41998575e+09 2.33022
1.41998975e+09 2.35025
1.41999375e+09 2.35539
1.41999775e+09 2.36578
1.42000175e+09 2.36712
1.42000575e+09 2.39146
1.42000975e+09 2.38036
1.42001375e+09 2.39585
1.42001775e+09 2.39199
1.42002175e+09 2.38616
1.42002575e+09 2.40828
1.42002975e+09 2.42372
1.42003375e+09 2.43994
1.42003775e+09 2.44741
1.42004175e+09 2.47773
1.42004575e+09 2.48282
1.42004975e+09 2.47845
1.42005375e+09 2.47479
1.42005775e+09 2.48176
1.42006175e+09 2.51525
1.42006575e+09 2.51494
1.42006975e+09 2.54123
1.42007375e+09 2.54763
1.42007775e+09 2.54476
1.42008175e+09 2.56497
1.42008575e+09 2.56608
1.42008975e+09 2.59247
1.42009375e+09 2.59224
1.42009775e+09 2.59316
1.42010175e+09 2.58917
1.42010575e+09 2.6138
1.42010975e+09 2.58946
1.42011375e+09 2.60226
1.42011775e+09 2.60516
1.42012175e+09 2.62631
1.42012575e+09 2.61486
1.42012975e+09 2.58501
1.42013375e+09 2.58561
1.42013775e+09 2.60141
1.42014175e+09 2.60062
1.42014575e+09 2.58861
1.42014975e+09 2.53774
1.42015375e+09 2.45091
1.42015775e+09 2.61654
1.42016175e+09 2.65556
1.42016575e+09 2.66267
1.42016975e+09 2.66089
1.42017375e+09 2.6924
1.42017775e+09 2.69957
1.42018175e+09 2.71611
1.42018575e+09 2.71935
1.42018975e+09 2.73766
1.42019375e+09 2.73272
1.42019775e+09 2.76884
1.42020175e+09 2.76665
1.42020575e+09 2.78266
1.42020975e+09 2.79114
1.42021375e+09 2.77929
1.42021775e+09 2.79608
1.42022175e+09 2.78539
1.42022575e+09 2.76883
1.42022975e+09 2.80737
1.42023375e+09 2.7739
1.42023775e+09 2.76555
1.42024175e+09 2.74652
1.42024575e+09 2.73661
1.42024975e+09 2.92464
1.42025375e+09 2.72199
1.42025775e+09 2.69618
1.42026175e+09 2.69006
1.42026575e+09 2.67253
1.42026975e+09 2.66656
1.42027375e+09 2.65737
1.42027775e+09 2.67051
1.42028175e+09 2.68395
1.42028575e+09 2.70007
1.42028975e+09 2.72278
1.42029375e+09 2.71734
1.42029775e+09 2.74186
1.42030175e+09 2.75694
1.42030575e+09 2.76156
1.42030975e+09 2.77427
1.42031375e+09 2.77835
1.42031775e+09 2.78449
1.42032175e+09 2.78868
1.42032575e+09 2.82062
1.42032975e+09 2.85105
1.42033375e+09 2.85959
1.42033775e+09 2.86768
1.42034175e+09 2.88458
1.42034575e+09 2.8854
1.42034975e+09 2.88284
1.42035375e+09 2.85462
1.42035775e+09 2.81473
1.42036175e+09 2.76596
1.42036575e+09 2.6947
1.42036975e+09 2.64405
1.42037375e+09 2.56586
1.42037775e+09 2.52073
1.42038175e+09 2.46838
1.42038575e+09 2.43496
1.42038975e+09 2.41142
1.42039375e+09 2.38119
1.42039775e+09 2.36949
1.42040175e+09 2.35493
1.42040575e+09 2.34066
1.42040975e+09 2.32642
1.42041375e+09 2.32429
1.42041775e+09 2.32589
1.42042175e+09 2.32769
1.42042575e+09 2.31486
1.42042975e+09 2.33122
1.42043375e+09 2.32178
1.42043775e+09 2.32243
1.42044175e+09 2.3388
1.42044575e+09 2.33896
1.42044975e+09 2.34247
1.42045375e+09 2.35456
1.42045775e+09 2.34767
1.42046175e+09 2.35541
1.42046575e+09 2.36713
1.42046975e+09 2.38746
1.42047375e+09 2.38149
1.42047775e+09 2.38462
1.42048175e+09 2.41071
1.42048575e+09 2.40708
1.42048975e+09 2.41657
1.42049375e+09 2.41675
1.42049775e+09 2.44738
1.42050175e+09 2.44729
1.42050575e+09 2.46684
1.42050975e+09 2.48307
1.42051375e+09 2.45499
1.42051775e+09 2.48504
1.42052175e+09 2.46104
1.42052575e+09 2.47806
1.42052975e+09 2.48901
1.42053375e+09 2.48711
1.42053775e+09 2.49201
1.42054175e+09 2.49514
1.42054575e+09 2.46983
1.42054975e+09 2.49936
1.42055375e+09 2.50144
1.42055775e+09 2.48049
1.42056175e+09 2.49244
1.42056575e+09 2.48413
1.42056975e+09 2.49561
1.42057375e+09 2.49431
1.42057775e+09 2.48373
1.42058175e+09 2.48073
1.42058575e+09 2.4797
1.42058975e+09 2.501
1.42059375e+09 2.48218
1.42059775e+09 2.48023
1.42060175e+09 2.49624
1.42060575e+09 2.49911
1.42060975e+09 2.49962
1.42061375e+09 2.50737
1.42061775e+09 2.50217
1.42062175e+09 2.5043
1.42062575e+09 2.51067
1.42062975e+09 2.51961
1.42063375e+09 2.50138
1.42063775e+09 2.51472
1.42064175e+09 2.49466
1.42064575e+09 2.48877
1.42064975e+09 2.48244
1.42065375e+09 2.47299
1.42065775e+09 2.46566
1.42066175e+09 2.44071
1.42066575e+09 2.43163
1.42066975e+09 2.44263
1.42067375e+09 2.41934
1.42067775e+09 2.39807
1.42068175e+09 2.39298
1.42068575e+09 2.37818
1.42068975e+09 2.37574
1.42069375e+09 2.38116
1.42069775e+09 2.38191
1.42070175e+09 2.37473
1.42070575e+09 2.36761
1.42070975e+09 2.36348
1.42071375e+09 2.36947
1.42071775e+09 2.3622
1.42072175e+09 2.36192
1.42072575e+09 2.36966
1.42072975e+09 2.34879
1.42073375e+09 2.34758
1.42073775e+09 2.34766
1.42074175e+09 2.33923
1.42074575e+09 2.32401
1.42074975e+09 2.33469
1.42075375e+09 2.32477
1.42075775e+09 2.34391
1.42076175e+09 2.33196
1.42076575e+09 2.33103
1.42076975e+09 2.32508
1.42077375e+09 2.33225
1.42077775e+09 2.32937
1.42078175e+09 2.32945
1.42078575e+09 2.34705
1.42078975e+09 2.34311
1.42079375e+09 2.33385
1.42079775e+09 2.33564
1.42080175e+09 2.33727
1.42080575e+09 2.34156
1.42080975e+09 2.33685
1.42081375e+09 2.32506
1.42081775e+09 2.32232
1.42082175e+09 2.30428
1.42082575e+09 2.31929
1.42082975e+09 2.3224
1.42083375e+09 2.34311
1.42083775e+09 2.3316
1.42084175e+09 2.33017
1.42084575e+09 2.33082
1.42084975e+09 2.33967
1.42085375e+09 2.33313
1.42085775e+09 2.32268
1.42086175e+09 2.3317
1.42086575e+09 2.34824
1.42086975e+09 2.3456
1.42087375e+09 2.31732
1.42087775e+09 2.33113
1.42088175e+09 2.34096
1.42088575e+09 2.33192
1.42088975e+09 2.32611
1.42089375e+09 2.33787
1.42089775e+09 2.33652
1.42090175e+09 2.34209
1.42090575e+09 2.3463
1.42090975e+09 2.33764
1.42091375e+09 2.34368
1.42091775e+09 2.34189
1.42092175e+09 2.36287
1.42092575e+09 2.35707
1.42092975e+09 2.34309
1.42093375e+09 2.34538
1.42093775e+09 2.33618
1.42094175e+09 2.34858
1.42094575e+09 2.33553
1.42094975e+09 2.31409
1.42095375e+09 2.33322
1.42095775e+09 2.34448
1.42096175e+09 2.35543
1.42096575e+09 2.35165
1.42096975e+09 2.35064
1.42097375e+09 2.34814
1.42097775e+09 2.34355
1.42098175e+09 2.32398
1.42098575e+09 2.3258
1.42098975e+09 2.35664
1.42099375e+09 2.36426
1.42099775e+09 2.35024
1.42100175e+09 2.34431
1.42100575e+09 2.34616
1.42100975e+09 2.35774
1.42101375e+09 2.34309
1.42101775e+09 2.35599
1.42102175e+09 2.35186
1.42102575e+09 2.35135
1.42102975e+09 2.36245
1.42103375e+09 2.35562
1.42103775e+09 2.36159
1.42104175e+09 2.36252
1.42104575e+09 2.35909
1.42104975e+09 2.38352
1.42105375e+09 2.36437
1.42105775e+09 2.3607
1.42106175e+09 2.36333
1.42106575e+09 2.36169
1.42106975e+09 2.35879
1.42107375e+09 2.37212
1.42107775e+09 2.3719
1.42108175e+09 2.35618
1.42108575e+09 2.36215
1.42108975e+09 2.35523
1.42109375e+09 2.35741
1.42109775e+09 2.36006
1.42110175e+09 2.35722
1.42110575e+09 2.36301
1.42110975e+09 2.37383
1.42111375e+09 2.34896
1.42111775e+09 2.35294
1.42112175e+09 2.355
1.42112575e+09 2.36878
1.42112975e+09 2.35762
1.42113375e+09 2.34986
1.42113775e+09 2.37653
1.42114175e+09 2.35553
1.42114575e+09 2.35902
1.42114975e+09 2.37175
1.42115375e+09 2.35929
1.42115775e+09 2.34224
1.42116175e+09 2.35376
1.42116575e+09 2.37489
1.42116975e+09 2.3552
1.42117375e+09 2.3672
1.42117775e+09 2.35621
1.42118175e+09 2.3596
1.42118575e+09 2.3734
1.42118975e+09 2.35264
1.42119375e+09 2.36912
1.42119775e+09 2.35904
1.42120175e+09 2.37728
1.42120575e+09 2.35205
1.42120975e+09 2.36585
1.42121375e+09 2.36367
1.42121775e+09 2.3527
1.42122175e+09 2.35835
1.42122575e+09 2.3751
1.42122975e+09 2.36027
1.42123375e+09 2.3575
1.42123775e+09 2.34938
1.42124175e+09 2.35466
1.42124575e+09 2.34845
1.42124975e+09 2.37313
1.42125375e+09 2.35562
1.42125775e+09 2.34489
1.42126175e+09 2.35684
1.42126575e+09 2.35231
1.42126975e+09 2.34194
1.42127375e+09 2.34597
1.42127775e+09 2.34881
1.42128175e+09 2.34287
1.42128575e+09 2.35572
1.42128975e+09 2.33577
1.42129375e+09 2.34451
1.42129775e+09 2.32907
1.42130175e+09 2.33661
1.42130575e+09 2.35104
1.42130975e+09 2.33373
1.42131375e+09 2.32689
1.42131775e+09 2.33119
1.42132175e+09 2.32929
1.42132575e+09 2.3262
1.42132975e+09 2.31481
1.42133375e+09 2.32077
1.42133775e+09 2.30868
1.42134175e+09 2.32314
1.42134575e+09 2.32749
1.42134975e+09 2.3156
1.42135375e+09 2.29735
1.42135775e+09 2.30402
1.42136175e+09 2.30176
1.42136575e+09 2.29039
1.42136975e+09 2.29835
1.42137375e+09 2.31215
1.42137775e+09 2.3035
1.42138175e+09 2.2913
1.42138575e+09 2.29361
1.42138975e+09 2.29448
1.42139375e+09 2.27903
1.42139775e+09 2.2656
1.42140175e+09 2.27838


