# rtl-power-fftw output
# galactisch: 040
# antenne: 202-42
# dark: dark20170829153246
# data: A040_20170919195341
# -b: 500
# -t: 150
# -g: 300
# -p: 0
# Acquisition start: 2017-09-19 19:53:42 UTC
# Acquisition end: 2017-09-19 19:56:13 UTC
#
# frequency [Hz] power spectral density [dB/Hz]
1.41940575e+09 2.20692
1.41940975e+09 2.18344
1.41941375e+09 2.19676
1.41941775e+09 2.19756
1.41942175e+09 2.18416
1.41942575e+09 2.19024
1.41942975e+09 2.1952
1.41943375e+09 2.17788
1.41943775e+09 2.16285
1.41944175e+09 2.16627
1.41944575e+09 2.16381
1.41944975e+09 2.14961
1.41945375e+09 2.14789
1.41945775e+09 2.13074
1.41946175e+09 2.12241
1.41946575e+09 2.09963
1.41946975e+09 2.12128
1.41947375e+09 2.07492
1.41947775e+09 2.08502
1.41948175e+09 2.08101
1.41948575e+09 2.06776
1.41948975e+09 2.04549
1.41949375e+09 2.05308
1.41949775e+09 2.03893
1.41950175e+09 2.02326
1.41950575e+09 2.04275
1.41950975e+09 2.01491
1.41951375e+09 2.00102
1.41951775e+09 2.0108
1.41952175e+09 1.98408
1.41952575e+09 1.99713
1.41952975e+09 2.00107
1.41953375e+09 1.9805
1.41953775e+09 1.9815
1.41954175e+09 1.97946
1.41954575e+09 1.96153
1.41954975e+09 1.96769
1.41955375e+09 1.97068
1.41955775e+09 1.97252
1.41956175e+09 1.97478
1.41956575e+09 1.96899
1.41956975e+09 1.95779
1.41957375e+09 1.9758
1.41957775e+09 1.96595
1.41958175e+09 1.97688
1.41958575e+09 1.96284
1.41958975e+09 1.96823
1.41959375e+09 1.96045
1.41959775e+09 1.95665
1.41960175e+09 1.95204
1.41960575e+09 1.95601
1.41960975e+09 1.96064
1.41961375e+09 1.98683
1.41961775e+09 1.96232
1.41962175e+09 1.97236
1.41962575e+09 1.97058
1.41962975e+09 1.99618
1.41963375e+09 1.98961
1.41963775e+09 1.98618
1.41964175e+09 1.98037
1.41964575e+09 1.97691
1.41964975e+09 1.99231
1.41965375e+09 1.9848
1.41965775e+09 1.9864
1.41966175e+09 1.9918
1.41966575e+09 2.00291
1.41966975e+09 1.97174
1.41967375e+09 1.99563
1.41967775e+09 1.98464
1.41968175e+09 1.99971
1.41968575e+09 2.01582
1.41968975e+09 2.00372
1.41969375e+09 2.00658
1.41969775e+09 2.00384
1.41970175e+09 1.9965
1.41970575e+09 2.00438
1.41970975e+09 2.00241
1.41971375e+09 2.00192
1.41971775e+09 2.00128
1.41972175e+09 2.00079
1.41972575e+09 2.0125
1.41972975e+09 2.0084
1.41973375e+09 2.00273
1.41973775e+09 1.98602
1.41974175e+09 2.01665
1.41974575e+09 2.01515
1.41974975e+09 2.00002
1.41975375e+09 1.99357
1.41975775e+09 2.00657
1.41976175e+09 2.00244
1.41976575e+09 1.9988
1.41976975e+09 2.0071
1.41977375e+09 2.01402
1.41977775e+09 2.00768
1.41978175e+09 2.0208
1.41978575e+09 2.01278
1.41978975e+09 2.01377
1.41979375e+09 2.01328
1.41979775e+09 2.02435
1.41980175e+09 2.01576
1.41980575e+09 2.01374
1.41980975e+09 2.02031
1.41981375e+09 2.03212
1.41981775e+09 2.02438
1.41982175e+09 2.03382
1.41982575e+09 2.02182
1.41982975e+09 2.04685
1.41983375e+09 2.02746
1.41983775e+09 2.03025
1.41984175e+09 2.03113
1.41984575e+09 2.04405
1.41984975e+09 2.03558
1.41985375e+09 2.03621
1.41985775e+09 2.04503
1.41986175e+09 2.04464
1.41986575e+09 2.06113
1.41986975e+09 2.04765
1.41987375e+09 2.04324
1.41987775e+09 2.06058
1.41988175e+09 2.04628
1.41988575e+09 2.04935
1.41988975e+09 2.06535
1.41989375e+09 2.05031
1.41989775e+09 2.06297
1.41990175e+09 2.04415
1.41990575e+09 2.04759
1.41990975e+09 2.04522
1.41991375e+09 2.07933
1.41991775e+09 2.07238
1.41992175e+09 2.07622
1.41992575e+09 2.07243
1.41992975e+09 2.09272
1.41993375e+09 2.09195
1.41993775e+09 2.10079
1.41994175e+09 2.09063
1.41994575e+09 2.09311
1.41994975e+09 2.10177
1.41995375e+09 2.10858
1.41995775e+09 2.12228
1.41996175e+09 2.12327
1.41996575e+09 2.13179
1.41996975e+09 2.13792
1.41997375e+09 2.15096
1.41997775e+09 2.16078
1.41998175e+09 2.16725
1.41998575e+09 2.16131
1.41998975e+09 2.1815
1.41999375e+09 2.18695
1.41999775e+09 2.20302
1.42000175e+09 2.21382
1.42000575e+09 2.23062
1.42000975e+09 2.22921
1.42001375e+09 2.24261
1.42001775e+09 2.23875
1.42002175e+09 2.24433
1.42002575e+09 2.27932
1.42002975e+09 2.2868
1.42003375e+09 2.31864
1.42003775e+09 2.32258
1.42004175e+09 2.3715
1.42004575e+09 2.37116
1.42004975e+09 2.39506
1.42005375e+09 2.3902
1.42005775e+09 2.40719
1.42006175e+09 2.42827
1.42006575e+09 2.44327
1.42006975e+09 2.45282
1.42007375e+09 2.47295
1.42007775e+09 2.4766
1.42008175e+09 2.50874
1.42008575e+09 2.49558
1.42008975e+09 2.51229
1.42009375e+09 2.51969
1.42009775e+09 2.52022
1.42010175e+09 2.52736
1.42010575e+09 2.54626
1.42010975e+09 2.52481
1.42011375e+09 2.54724
1.42011775e+09 2.54291
1.42012175e+09 2.55768
1.42012575e+09 2.54482
1.42012975e+09 2.52474
1.42013375e+09 2.51742
1.42013775e+09 2.53563
1.42014175e+09 2.52593
1.42014575e+09 2.50426
1.42014975e+09 2.47377
1.42015375e+09 2.37316
1.42015775e+09 2.53178
1.42016175e+09 2.56891
1.42016575e+09 2.56908
1.42016975e+09 2.56849
1.42017375e+09 2.60633
1.42017775e+09 2.60152
1.42018175e+09 2.61728
1.42018575e+09 2.63031
1.42018975e+09 2.63201
1.42019375e+09 2.62101
1.42019775e+09 2.64896
1.42020175e+09 2.65281
1.42020575e+09 2.65503
1.42020975e+09 2.66868
1.42021375e+09 2.67072
1.42021775e+09 2.68443
1.42022175e+09 2.67208
1.42022575e+09 2.67026
1.42022975e+09 2.6898
1.42023375e+09 2.65627
1.42023775e+09 2.65588
1.42024175e+09 2.65314
1.42024575e+09 2.62658
1.42024975e+09 2.84133
1.42025375e+09 2.62399
1.42025775e+09 2.60692
1.42026175e+09 2.60578
1.42026575e+09 2.58448
1.42026975e+09 2.59125
1.42027375e+09 2.58901
1.42027775e+09 2.5982
1.42028175e+09 2.60455
1.42028575e+09 2.61496
1.42028975e+09 2.62443
1.42029375e+09 2.62641
1.42029775e+09 2.62491
1.42030175e+09 2.64178
1.42030575e+09 2.65443
1.42030975e+09 2.66407
1.42031375e+09 2.67017
1.42031775e+09 2.66842
1.42032175e+09 2.69071
1.42032575e+09 2.70384
1.42032975e+09 2.72809
1.42033375e+09 2.75924
1.42033775e+09 2.78542
1.42034175e+09 2.81226
1.42034575e+09 2.80825
1.42034975e+09 2.81849
1.42035375e+09 2.8052
1.42035775e+09 2.77831
1.42036175e+09 2.74635
1.42036575e+09 2.68124
1.42036975e+09 2.63963
1.42037375e+09 2.56013
1.42037775e+09 2.52836
1.42038175e+09 2.45813
1.42038575e+09 2.42825
1.42038975e+09 2.38995
1.42039375e+09 2.34829
1.42039775e+09 2.33319
1.42040175e+09 2.31294
1.42040575e+09 2.29378
1.42040975e+09 2.27461
1.42041375e+09 2.25744
1.42041775e+09 2.25363
1.42042175e+09 2.26252
1.42042575e+09 2.24468
1.42042975e+09 2.26114
1.42043375e+09 2.2536
1.42043775e+09 2.24901
1.42044175e+09 2.25868
1.42044575e+09 2.26775
1.42044975e+09 2.26741
1.42045375e+09 2.27822
1.42045775e+09 2.26315
1.42046175e+09 2.28257
1.42046575e+09 2.29325
1.42046975e+09 2.28679
1.42047375e+09 2.29187
1.42047775e+09 2.30558
1.42048175e+09 2.31892
1.42048575e+09 2.32645
1.42048975e+09 2.31206
1.42049375e+09 2.32337
1.42049775e+09 2.35223
1.42050175e+09 2.34375
1.42050575e+09 2.37333
1.42050975e+09 2.37899
1.42051375e+09 2.37303
1.42051775e+09 2.38301
1.42052175e+09 2.38667
1.42052575e+09 2.40244
1.42052975e+09 2.39246
1.42053375e+09 2.40196
1.42053775e+09 2.4129
1.42054175e+09 2.41198
1.42054575e+09 2.41358
1.42054975e+09 2.42966
1.42055375e+09 2.41776
1.42055775e+09 2.42009
1.42056175e+09 2.42565
1.42056575e+09 2.41915
1.42056975e+09 2.43754
1.42057375e+09 2.43584
1.42057775e+09 2.42258
1.42058175e+09 2.42393
1.42058575e+09 2.42161
1.42058975e+09 2.43134
1.42059375e+09 2.41838
1.42059775e+09 2.4285
1.42060175e+09 2.43726
1.42060575e+09 2.43926
1.42060975e+09 2.44293
1.42061375e+09 2.43907
1.42061775e+09 2.43891
1.42062175e+09 2.4557
1.42062575e+09 2.45775
1.42062975e+09 2.45753
1.42063375e+09 2.45489
1.42063775e+09 2.46014
1.42064175e+09 2.44705
1.42064575e+09 2.44218
1.42064975e+09 2.44812
1.42065375e+09 2.44172
1.42065775e+09 2.44062
1.42066175e+09 2.40535
1.42066575e+09 2.41453
1.42066975e+09 2.39941
1.42067375e+09 2.38695
1.42067775e+09 2.38101
1.42068175e+09 2.37516
1.42068575e+09 2.36815
1.42068975e+09 2.34613
1.42069375e+09 2.34834
1.42069775e+09 2.35075
1.42070175e+09 2.36514
1.42070575e+09 2.33659
1.42070975e+09 2.32691
1.42071375e+09 2.32135
1.42071775e+09 2.33243
1.42072175e+09 2.33211
1.42072575e+09 2.31788
1.42072975e+09 2.31518
1.42073375e+09 2.31122
1.42073775e+09 2.29882
1.42074175e+09 2.29184
1.42074575e+09 2.28009
1.42074975e+09 2.29792
1.42075375e+09 2.28042
1.42075775e+09 2.2833
1.42076175e+09 2.28203
1.42076575e+09 2.27948
1.42076975e+09 2.27023
1.42077375e+09 2.28463
1.42077775e+09 2.2832
1.42078175e+09 2.27838
1.42078575e+09 2.29152
1.42078975e+09 2.27742
1.42079375e+09 2.26538
1.42079775e+09 2.26522
1.42080175e+09 2.28995
1.42080575e+09 2.29681
1.42080975e+09 2.28013
1.42081375e+09 2.27446
1.42081775e+09 2.27031
1.42082175e+09 2.25976
1.42082575e+09 2.27343
1.42082975e+09 2.2571
1.42083375e+09 2.27711
1.42083775e+09 2.27186
1.42084175e+09 2.28219
1.42084575e+09 2.27271
1.42084975e+09 2.28242
1.42085375e+09 2.26686
1.42085775e+09 2.28134
1.42086175e+09 2.27817
1.42086575e+09 2.28822
1.42086975e+09 2.28496
1.42087375e+09 2.27545
1.42087775e+09 2.28131
1.42088175e+09 2.28668
1.42088575e+09 2.29237
1.42088975e+09 2.28556
1.42089375e+09 2.26917
1.42089775e+09 2.26382
1.42090175e+09 2.2854
1.42090575e+09 2.29022
1.42090975e+09 2.27824
1.42091375e+09 2.28062
1.42091775e+09 2.29847
1.42092175e+09 2.30601
1.42092575e+09 2.29419
1.42092975e+09 2.29564
1.42093375e+09 2.30115
1.42093775e+09 2.29011
1.42094175e+09 2.29303
1.42094575e+09 2.28782
1.42094975e+09 2.26136
1.42095375e+09 2.29493
1.42095775e+09 2.29757
1.42096175e+09 2.29969
1.42096575e+09 2.29131
1.42096975e+09 2.29516
1.42097375e+09 2.30218
1.42097775e+09 2.27454
1.42098175e+09 2.28981
1.42098575e+09 2.28057
1.42098975e+09 2.30614
1.42099375e+09 2.31307
1.42099775e+09 2.29092
1.42100175e+09 2.28851
1.42100575e+09 2.30322
1.42100975e+09 2.31364
1.42101375e+09 2.299
1.42101775e+09 2.30318
1.42102175e+09 2.30572
1.42102575e+09 2.29629
1.42102975e+09 2.31412
1.42103375e+09 2.29486
1.42103775e+09 2.30854
1.42104175e+09 2.3183
1.42104575e+09 2.30529
1.42104975e+09 2.32606
1.42105375e+09 2.31176
1.42105775e+09 2.31879
1.42106175e+09 2.29747
1.42106575e+09 2.31339
1.42106975e+09 2.31541
1.42107375e+09 2.33198
1.42107775e+09 2.32817
1.42108175e+09 2.32731
1.42108575e+09 2.33694
1.42108975e+09 2.31751
1.42109375e+09 2.32082
1.42109775e+09 2.32354
1.42110175e+09 2.3061
1.42110575e+09 2.31294
1.42110975e+09 2.31475
1.42111375e+09 2.29519
1.42111775e+09 2.31846
1.42112175e+09 2.31457
1.42112575e+09 2.32121
1.42112975e+09 2.31624
1.42113375e+09 2.3085
1.42113775e+09 2.3235
1.42114175e+09 2.31805
1.42114575e+09 2.30832
1.42114975e+09 2.33589
1.42115375e+09 2.31296
1.42115775e+09 2.29947
1.42116175e+09 2.31115
1.42116575e+09 2.32916
1.42116975e+09 2.3162
1.42117375e+09 2.32053
1.42117775e+09 2.30957
1.42118175e+09 2.30974
1.42118575e+09 2.31569
1.42118975e+09 2.31669
1.42119375e+09 2.31589
1.42119775e+09 2.31602
1.42120175e+09 2.32858
1.42120575e+09 2.3171
1.42120975e+09 2.31783
1.42121375e+09 2.3298
1.42121775e+09 2.32238
1.42122175e+09 2.32321
1.42122575e+09 2.32536
1.42122975e+09 2.32426
1.42123375e+09 2.30032
1.42123775e+09 2.31006
1.42124175e+09 2.31913
1.42124575e+09 2.31847
1.42124975e+09 2.34065
1.42125375e+09 2.32277
1.42125775e+09 2.2991
1.42126175e+09 2.30846
1.42126575e+09 2.31829
1.42126975e+09 2.29367
1.42127375e+09 2.31243
1.42127775e+09 2.31756
1.42128175e+09 2.30991
1.42128575e+09 2.2979
1.42128975e+09 2.2797
1.42129375e+09 2.30546
1.42129775e+09 2.29974
1.42130175e+09 2.29486
1.42130575e+09 2.30503
1.42130975e+09 2.2896
1.42131375e+09 2.29436
1.42131775e+09 2.29355
1.42132175e+09 2.28572
1.42132575e+09 2.28455
1.42132975e+09 2.27701
1.42133375e+09 2.27962
1.42133775e+09 2.27913
1.42134175e+09 2.28687
1.42134575e+09 2.27056
1.42134975e+09 2.26806
1.42135375e+09 2.2686
1.42135775e+09 2.26443
1.42136175e+09 2.26289
1.42136575e+09 2.24137
1.42136975e+09 2.2427
1.42137375e+09 2.26817
1.42137775e+09 2.25024
1.42138175e+09 2.25932
1.42138575e+09 2.25499
1.42138975e+09 2.24438
1.42139375e+09 2.22322
1.42139775e+09 2.2261
1.42140175e+09 2.21654


