# rtl-power-fftw output
# galactisch: 044
# antenne: 202-46
# dark: dark20170829153246
# data: A044_20170919195823
# -b: 500
# -t: 150
# -g: 300
# -p: 0
# Acquisition start: 2017-09-19 19:58:24 UTC
# Acquisition end: 2017-09-19 20:00:56 UTC
#
# frequency [Hz] power spectral density [dB/Hz]
1.41940575e+09 2.2542
1.41940975e+09 2.22025
1.41941375e+09 2.2368
1.41941775e+09 2.2312
1.41942175e+09 2.22344
1.41942575e+09 2.21929
1.41942975e+09 2.2143
1.41943375e+09 2.19338
1.41943775e+09 2.16563
1.41944175e+09 2.1548
1.41944575e+09 2.15736
1.41944975e+09 2.13663
1.41945375e+09 2.13688
1.41945775e+09 2.12454
1.41946175e+09 2.09974
1.41946575e+09 2.07877
1.41946975e+09 2.07864
1.41947375e+09 2.05669
1.41947775e+09 2.05864
1.41948175e+09 2.0346
1.41948575e+09 2.02459
1.41948975e+09 1.99744
1.41949375e+09 2.0031
1.41949775e+09 1.98622
1.41950175e+09 1.98069
1.41950575e+09 1.98332
1.41950975e+09 1.9722
1.41951375e+09 1.95271
1.41951775e+09 1.95212
1.41952175e+09 1.9339
1.41952575e+09 1.9372
1.41952975e+09 1.93567
1.41953375e+09 1.91667
1.41953775e+09 1.91327
1.41954175e+09 1.91183
1.41954575e+09 1.90422
1.41954975e+09 1.9033
1.41955375e+09 1.91158
1.41955775e+09 1.90639
1.41956175e+09 1.90891
1.41956575e+09 1.90699
1.41956975e+09 1.90841
1.41957375e+09 1.90452
1.41957775e+09 1.91956
1.41958175e+09 1.91398
1.41958575e+09 1.90819
1.41958975e+09 1.91258
1.41959375e+09 1.88798
1.41959775e+09 1.89608
1.41960175e+09 1.88481
1.41960575e+09 1.90686
1.41960975e+09 1.90494
1.41961375e+09 1.91895
1.41961775e+09 1.90501
1.41962175e+09 1.92136
1.41962575e+09 1.90967
1.41962975e+09 1.92365
1.41963375e+09 1.92426
1.41963775e+09 1.90799
1.41964175e+09 1.92314
1.41964575e+09 1.92394
1.41964975e+09 1.92413
1.41965375e+09 1.93207
1.41965775e+09 1.92513
1.41966175e+09 1.92484
1.41966575e+09 1.93478
1.41966975e+09 1.91282
1.41967375e+09 1.93718
1.41967775e+09 1.92515
1.41968175e+09 1.94212
1.41968575e+09 1.94391
1.41968975e+09 1.96542
1.41969375e+09 1.94847
1.41969775e+09 1.94328
1.41970175e+09 1.94537
1.41970575e+09 1.95395
1.41970975e+09 1.95024
1.41971375e+09 1.95783
1.41971775e+09 1.95354
1.41972175e+09 1.95442
1.41972575e+09 1.95881
1.41972975e+09 1.95679
1.41973375e+09 1.94665
1.41973775e+09 1.94551
1.41974175e+09 1.95866
1.41974575e+09 1.96447
1.41974975e+09 1.95501
1.41975375e+09 1.95139
1.41975775e+09 1.958
1.41976175e+09 1.95879
1.41976575e+09 1.97104
1.41976975e+09 1.9625
1.41977375e+09 1.97018
1.41977775e+09 1.96163
1.41978175e+09 1.97376
1.41978575e+09 1.97239
1.41978975e+09 1.97756
1.41979375e+09 1.97588
1.41979775e+09 1.98771
1.41980175e+09 1.99096
1.41980575e+09 1.96527
1.41980975e+09 1.98735
1.41981375e+09 1.98015
1.41981775e+09 1.98972
1.41982175e+09 1.9779
1.41982575e+09 1.99199
1.41982975e+09 2.00481
1.41983375e+09 1.98249
1.41983775e+09 1.97849
1.41984175e+09 1.98718
1.41984575e+09 1.99347
1.41984975e+09 1.99053
1.41985375e+09 2.00502
1.41985775e+09 2.01263
1.41986175e+09 1.99762
1.41986575e+09 2.0131
1.41986975e+09 2.01184
1.41987375e+09 2.00795
1.41987775e+09 2.01257
1.41988175e+09 2.0104
1.41988575e+09 2.01551
1.41988975e+09 2.01868
1.41989375e+09 2.00939
1.41989775e+09 2.0148
1.41990175e+09 2.01446
1.41990575e+09 2.01816
1.41990975e+09 2.01848
1.41991375e+09 2.02874
1.41991775e+09 2.03501
1.41992175e+09 2.03207
1.41992575e+09 2.03859
1.41992975e+09 2.0432
1.41993375e+09 2.03851
1.41993775e+09 2.03432
1.41994175e+09 2.04222
1.41994575e+09 2.02385
1.41994975e+09 2.03985
1.41995375e+09 2.03584
1.41995775e+09 2.05203
1.41996175e+09 2.06982
1.41996575e+09 2.05531
1.41996975e+09 2.06104
1.41997375e+09 2.07633
1.41997775e+09 2.07361
1.41998175e+09 2.06344
1.41998575e+09 2.06948
1.41998975e+09 2.08904
1.41999375e+09 2.10292
1.41999775e+09 2.10954
1.42000175e+09 2.10315
1.42000575e+09 2.12457
1.42000975e+09 2.129
1.42001375e+09 2.1444
1.42001775e+09 2.13409
1.42002175e+09 2.11345
1.42002575e+09 2.16178
1.42002975e+09 2.18084
1.42003375e+09 2.19763
1.42003775e+09 2.19927
1.42004175e+09 2.25531
1.42004575e+09 2.26129
1.42004975e+09 2.27279
1.42005375e+09 2.28386
1.42005775e+09 2.28534
1.42006175e+09 2.32095
1.42006575e+09 2.34592
1.42006975e+09 2.37496
1.42007375e+09 2.3937
1.42007775e+09 2.415
1.42008175e+09 2.42854
1.42008575e+09 2.44003
1.42008975e+09 2.47328
1.42009375e+09 2.49152
1.42009775e+09 2.4932
1.42010175e+09 2.49713
1.42010575e+09 2.52616
1.42010975e+09 2.52048
1.42011375e+09 2.54454
1.42011775e+09 2.55824
1.42012175e+09 2.58722
1.42012575e+09 2.56471
1.42012975e+09 2.56561
1.42013375e+09 2.55283
1.42013775e+09 2.56516
1.42014175e+09 2.58409
1.42014575e+09 2.5725
1.42014975e+09 2.52145
1.42015375e+09 2.42201
1.42015775e+09 2.57624
1.42016175e+09 2.59946
1.42016575e+09 2.5832
1.42016975e+09 2.58073
1.42017375e+09 2.60577
1.42017775e+09 2.59076
1.42018175e+09 2.60233
1.42018575e+09 2.59029
1.42018975e+09 2.60214
1.42019375e+09 2.57683
1.42019775e+09 2.56852
1.42020175e+09 2.57202
1.42020575e+09 2.56551
1.42020975e+09 2.57735
1.42021375e+09 2.56777
1.42021775e+09 2.57771
1.42022175e+09 2.56301
1.42022575e+09 2.55836
1.42022975e+09 2.5681
1.42023375e+09 2.57459
1.42023775e+09 2.56459
1.42024175e+09 2.55738
1.42024575e+09 2.56841
1.42024975e+09 2.84222
1.42025375e+09 2.57351
1.42025775e+09 2.57277
1.42026175e+09 2.56703
1.42026575e+09 2.56186
1.42026975e+09 2.58033
1.42027375e+09 2.58429
1.42027775e+09 2.60676
1.42028175e+09 2.62536
1.42028575e+09 2.63784
1.42028975e+09 2.66156
1.42029375e+09 2.66737
1.42029775e+09 2.65681
1.42030175e+09 2.67255
1.42030575e+09 2.68569
1.42030975e+09 2.69882
1.42031375e+09 2.69414
1.42031775e+09 2.70508
1.42032175e+09 2.71074
1.42032575e+09 2.72014
1.42032975e+09 2.74525
1.42033375e+09 2.75923
1.42033775e+09 2.78353
1.42034175e+09 2.82524
1.42034575e+09 2.84396
1.42034975e+09 2.87274
1.42035375e+09 2.88287
1.42035775e+09 2.87311
1.42036175e+09 2.85362
1.42036575e+09 2.81441
1.42036975e+09 2.79769
1.42037375e+09 2.72741
1.42037775e+09 2.70258
1.42038175e+09 2.64617
1.42038575e+09 2.59959
1.42038975e+09 2.53279
1.42039375e+09 2.48216
1.42039775e+09 2.45142
1.42040175e+09 2.40421
1.42040575e+09 2.3678
1.42040975e+09 2.33114
1.42041375e+09 2.32426
1.42041775e+09 2.31283
1.42042175e+09 2.31996
1.42042575e+09 2.29496
1.42042975e+09 2.29646
1.42043375e+09 2.28453
1.42043775e+09 2.27859
1.42044175e+09 2.28592
1.42044575e+09 2.2856
1.42044975e+09 2.28726
1.42045375e+09 2.29574
1.42045775e+09 2.29096
1.42046175e+09 2.29044
1.42046575e+09 2.29944
1.42046975e+09 2.30084
1.42047375e+09 2.30259
1.42047775e+09 2.30641
1.42048175e+09 2.31982
1.42048575e+09 2.31883
1.42048975e+09 2.31759
1.42049375e+09 2.32139
1.42049775e+09 2.33929
1.42050175e+09 2.33412
1.42050575e+09 2.35742
1.42050975e+09 2.35538
1.42051375e+09 2.33547
1.42051775e+09 2.35672
1.42052175e+09 2.34822
1.42052575e+09 2.36052
1.42052975e+09 2.37301
1.42053375e+09 2.38061
1.42053775e+09 2.39189
1.42054175e+09 2.41064
1.42054575e+09 2.39894
1.42054975e+09 2.42378
1.42055375e+09 2.4232
1.42055775e+09 2.42142
1.42056175e+09 2.43151
1.42056575e+09 2.43611
1.42056975e+09 2.44281
1.42057375e+09 2.44675
1.42057775e+09 2.44835
1.42058175e+09 2.44328
1.42058575e+09 2.45763
1.42058975e+09 2.45917
1.42059375e+09 2.45621
1.42059775e+09 2.45467
1.42060175e+09 2.46406
1.42060575e+09 2.47643
1.42060975e+09 2.48813
1.42061375e+09 2.4923
1.42061775e+09 2.4965
1.42062175e+09 2.49525
1.42062575e+09 2.48077
1.42062975e+09 2.50564
1.42063375e+09 2.49397
1.42063775e+09 2.50395
1.42064175e+09 2.50045
1.42064575e+09 2.49212
1.42064975e+09 2.49644
1.42065375e+09 2.49299
1.42065775e+09 2.48927
1.42066175e+09 2.48207
1.42066575e+09 2.47521
1.42066975e+09 2.48813
1.42067375e+09 2.44799
1.42067775e+09 2.45076
1.42068175e+09 2.45242
1.42068575e+09 2.43895
1.42068975e+09 2.44015
1.42069375e+09 2.43384
1.42069775e+09 2.44408
1.42070175e+09 2.44083
1.42070575e+09 2.41983
1.42070975e+09 2.41335
1.42071375e+09 2.427
1.42071775e+09 2.41047
1.42072175e+09 2.41562
1.42072575e+09 2.41534
1.42072975e+09 2.40368
1.42073375e+09 2.40375
1.42073775e+09 2.40011
1.42074175e+09 2.39242
1.42074575e+09 2.37687
1.42074975e+09 2.37691
1.42075375e+09 2.37366
1.42075775e+09 2.37583
1.42076175e+09 2.37968
1.42076575e+09 2.36646
1.42076975e+09 2.35597
1.42077375e+09 2.37844
1.42077775e+09 2.36266
1.42078175e+09 2.35813
1.42078575e+09 2.37895
1.42078975e+09 2.35756
1.42079375e+09 2.35239
1.42079775e+09 2.3551
1.42080175e+09 2.35801
1.42080575e+09 2.36493
1.42080975e+09 2.35341
1.42081375e+09 2.34547
1.42081775e+09 2.33461
1.42082175e+09 2.31362
1.42082575e+09 2.33822
1.42082975e+09 2.32926
1.42083375e+09 2.35208
1.42083775e+09 2.34487
1.42084175e+09 2.35537
1.42084575e+09 2.34219
1.42084975e+09 2.3396
1.42085375e+09 2.34032
1.42085775e+09 2.3388
1.42086175e+09 2.35472
1.42086575e+09 2.35038
1.42086975e+09 2.35951
1.42087375e+09 2.34224
1.42087775e+09 2.35705
1.42088175e+09 2.35209
1.42088575e+09 2.3613
1.42088975e+09 2.34411
1.42089375e+09 2.33623
1.42089775e+09 2.35215
1.42090175e+09 2.35609
1.42090575e+09 2.36443
1.42090975e+09 2.35394
1.42091375e+09 2.35324
1.42091775e+09 2.37764
1.42092175e+09 2.38546
1.42092575e+09 2.36775
1.42092975e+09 2.36874
1.42093375e+09 2.38081
1.42093775e+09 2.36181
1.42094175e+09 2.36304
1.42094575e+09 2.36617
1.42094975e+09 2.33218
1.42095375e+09 2.3634
1.42095775e+09 2.3661
1.42096175e+09 2.38993
1.42096575e+09 2.37755
1.42096975e+09 2.37473
1.42097375e+09 2.3771
1.42097775e+09 2.35883
1.42098175e+09 2.35609
1.42098575e+09 2.36863
1.42098975e+09 2.38843
1.42099375e+09 2.38974
1.42099775e+09 2.37938
1.42100175e+09 2.37403
1.42100575e+09 2.37779
1.42100975e+09 2.39274
1.42101375e+09 2.37981
1.42101775e+09 2.38371
1.42102175e+09 2.384
1.42102575e+09 2.38859
1.42102975e+09 2.39027
1.42103375e+09 2.38649
1.42103775e+09 2.3841
1.42104175e+09 2.39657
1.42104575e+09 2.39979
1.42104975e+09 2.4138
1.42105375e+09 2.39116
1.42105775e+09 2.40558
1.42106175e+09 2.39129
1.42106575e+09 2.39654
1.42106975e+09 2.39952
1.42107375e+09 2.41292
1.42107775e+09 2.40924
1.42108175e+09 2.41048
1.42108575e+09 2.40831
1.42108975e+09 2.40663
1.42109375e+09 2.40303
1.42109775e+09 2.40872
1.42110175e+09 2.40054
1.42110575e+09 2.38532
1.42110975e+09 2.41471
1.42111375e+09 2.38699
1.42111775e+09 2.40622
1.42112175e+09 2.40306
1.42112575e+09 2.42718
1.42112975e+09 2.41083
1.42113375e+09 2.40248
1.42113775e+09 2.40727
1.42114175e+09 2.39704
1.42114575e+09 2.4136
1.42114975e+09 2.41472
1.42115375e+09 2.40079
1.42115775e+09 2.39446
1.42116175e+09 2.40729
1.42116575e+09 2.41356
1.42116975e+09 2.40299
1.42117375e+09 2.412
1.42117775e+09 2.41026
1.42118175e+09 2.40704
1.42118575e+09 2.41328
1.42118975e+09 2.40233
1.42119375e+09 2.41011
1.42119775e+09 2.41576
1.42120175e+09 2.42166
1.42120575e+09 2.40416
1.42120975e+09 2.41057
1.42121375e+09 2.41537
1.42121775e+09 2.40703
1.42122175e+09 2.42186
1.42122575e+09 2.4183
1.42122975e+09 2.41416
1.42123375e+09 2.40338
1.42123775e+09 2.39975
1.42124175e+09 2.40887
1.42124575e+09 2.40237
1.42124975e+09 2.42727
1.42125375e+09 2.41759
1.42125775e+09 2.39436
1.42126175e+09 2.41058
1.42126575e+09 2.41565
1.42126975e+09 2.39621
1.42127375e+09 2.40852
1.42127775e+09 2.41151
1.42128175e+09 2.40386
1.42128575e+09 2.41324
1.42128975e+09 2.3845
1.42129375e+09 2.39521
1.42129775e+09 2.38658
1.42130175e+09 2.38222
1.42130575e+09 2.39345
1.42130975e+09 2.39219
1.42131375e+09 2.37407
1.42131775e+09 2.38938
1.42132175e+09 2.38635
1.42132575e+09 2.37291
1.42132975e+09 2.36201
1.42133375e+09 2.35969
1.42133775e+09 2.34823
1.42134175e+09 2.36421
1.42134575e+09 2.35253
1.42134975e+09 2.34586
1.42135375e+09 2.33518
1.42135775e+09 2.3358
1.42136175e+09 2.31727
1.42136575e+09 2.31389
1.42136975e+09 2.31521
1.42137375e+09 2.32555
1.42137775e+09 2.32711
1.42138175e+09 2.31479
1.42138575e+09 2.30592
1.42138975e+09 2.30614
1.42139375e+09 2.27984
1.42139775e+09 2.27392
1.42140175e+09 2.26166


