# rtl-power-fftw output
# galactisch: 048
# antenne: 202-49
# dark: dark20170829153246
# data: A048_20170919200226
# -b: 500
# -t: 150
# -g: 300
# -p: 0
# Acquisition start: 2017-09-19 20:02:27 UTC
# Acquisition end: 2017-09-19 20:04:58 UTC
#
# frequency [Hz] power spectral density [dB/Hz]
1.41940575e+09 2.32158
1.41940975e+09 2.28088
1.41941375e+09 2.27898
1.41941775e+09 2.28877
1.41942175e+09 2.27239
1.41942575e+09 2.26576
1.41942975e+09 2.25759
1.41943375e+09 2.23487
1.41943775e+09 2.2203
1.41944175e+09 2.21098
1.41944575e+09 2.20329
1.41944975e+09 2.17739
1.41945375e+09 2.17515
1.41945775e+09 2.14808
1.41946175e+09 2.1356
1.41946575e+09 2.11029
1.41946975e+09 2.1115
1.41947375e+09 2.09267
1.41947775e+09 2.08704
1.41948175e+09 2.08265
1.41948575e+09 2.05061
1.41948975e+09 2.02699
1.41949375e+09 2.03888
1.41949775e+09 2.01057
1.41950175e+09 2.00897
1.41950575e+09 2.01647
1.41950975e+09 1.9889
1.41951375e+09 1.97796
1.41951775e+09 1.97198
1.41952175e+09 1.9522
1.41952575e+09 1.96067
1.41952975e+09 1.94183
1.41953375e+09 1.93959
1.41953775e+09 1.9427
1.41954175e+09 1.94569
1.41954575e+09 1.92979
1.41954975e+09 1.93463
1.41955375e+09 1.94245
1.41955775e+09 1.93147
1.41956175e+09 1.9262
1.41956575e+09 1.92831
1.41956975e+09 1.9297
1.41957375e+09 1.92976
1.41957775e+09 1.92847
1.41958175e+09 1.94104
1.41958575e+09 1.93533
1.41958975e+09 1.94784
1.41959375e+09 1.92087
1.41959775e+09 1.91524
1.41960175e+09 1.91952
1.41960575e+09 1.92777
1.41960975e+09 1.92535
1.41961375e+09 1.94062
1.41961775e+09 1.93731
1.41962175e+09 1.93999
1.41962575e+09 1.94914
1.41962975e+09 1.95078
1.41963375e+09 1.95628
1.41963775e+09 1.94507
1.41964175e+09 1.94334
1.41964575e+09 1.94953
1.41964975e+09 1.95674
1.41965375e+09 1.96273
1.41965775e+09 1.94813
1.41966175e+09 1.96248
1.41966575e+09 1.97218
1.41966975e+09 1.94385
1.41967375e+09 1.97305
1.41967775e+09 1.95653
1.41968175e+09 1.96967
1.41968575e+09 1.98118
1.41968975e+09 1.98373
1.41969375e+09 1.98451
1.41969775e+09 1.9818
1.41970175e+09 1.98788
1.41970575e+09 1.97984
1.41970975e+09 1.97912
1.41971375e+09 1.9868
1.41971775e+09 1.98106
1.41972175e+09 1.99535
1.41972575e+09 1.99088
1.41972975e+09 1.98687
1.41973375e+09 1.99214
1.41973775e+09 1.98379
1.41974175e+09 1.99922
1.41974575e+09 2.00766
1.41974975e+09 1.9802
1.41975375e+09 1.99497
1.41975775e+09 1.98134
1.41976175e+09 1.9916
1.41976575e+09 1.99214
1.41976975e+09 1.99974
1.41977375e+09 2.00074
1.41977775e+09 2.00976
1.41978175e+09 2.01186
1.41978575e+09 2.01943
1.41978975e+09 2.01749
1.41979375e+09 2.0015
1.41979775e+09 2.01508
1.41980175e+09 2.02428
1.41980575e+09 2.00213
1.41980975e+09 2.01101
1.41981375e+09 2.0261
1.41981775e+09 2.02674
1.41982175e+09 2.03147
1.41982575e+09 2.029
1.41982975e+09 2.05013
1.41983375e+09 2.02327
1.41983775e+09 2.02735
1.41984175e+09 2.02381
1.41984575e+09 2.03719
1.41984975e+09 2.03109
1.41985375e+09 2.03704
1.41985775e+09 2.04041
1.41986175e+09 2.04358
1.41986575e+09 2.0618
1.41986975e+09 2.04885
1.41987375e+09 2.04974
1.41987775e+09 2.06357
1.41988175e+09 2.05567
1.41988575e+09 2.05668
1.41988975e+09 2.06244
1.41989375e+09 2.05422
1.41989775e+09 2.05069
1.41990175e+09 2.04239
1.41990575e+09 2.05105
1.41990975e+09 2.0583
1.41991375e+09 2.06741
1.41991775e+09 2.06808
1.41992175e+09 2.06441
1.41992575e+09 2.08151
1.41992975e+09 2.08551
1.41993375e+09 2.08448
1.41993775e+09 2.08252
1.41994175e+09 2.07669
1.41994575e+09 2.05952
1.41994975e+09 2.08843
1.41995375e+09 2.08023
1.41995775e+09 2.10495
1.41996175e+09 2.09778
1.41996575e+09 2.0867
1.41996975e+09 2.08668
1.41997375e+09 2.11535
1.41997775e+09 2.09926
1.41998175e+09 2.10467
1.41998575e+09 2.10328
1.41998975e+09 2.118
1.41999375e+09 2.13375
1.41999775e+09 2.12507
1.42000175e+09 2.12367
1.42000575e+09 2.14277
1.42000975e+09 2.13366
1.42001375e+09 2.14574
1.42001775e+09 2.14056
1.42002175e+09 2.13297
1.42002575e+09 2.15653
1.42002975e+09 2.1756
1.42003375e+09 2.19275
1.42003775e+09 2.19461
1.42004175e+09 2.22312
1.42004575e+09 2.23634
1.42004975e+09 2.24215
1.42005375e+09 2.23936
1.42005775e+09 2.26484
1.42006175e+09 2.2917
1.42006575e+09 2.29231
1.42006975e+09 2.32443
1.42007375e+09 2.33976
1.42007775e+09 2.36805
1.42008175e+09 2.3908
1.42008575e+09 2.40504
1.42008975e+09 2.43975
1.42009375e+09 2.45074
1.42009775e+09 2.47165
1.42010175e+09 2.48627
1.42010575e+09 2.51535
1.42010975e+09 2.51203
1.42011375e+09 2.52386
1.42011775e+09 2.55676
1.42012175e+09 2.60355
1.42012575e+09 2.58549
1.42012975e+09 2.57125
1.42013375e+09 2.57955
1.42013775e+09 2.61955
1.42014175e+09 2.62721
1.42014575e+09 2.60035
1.42014975e+09 2.56201
1.42015375e+09 2.46801
1.42015775e+09 2.62101
1.42016175e+09 2.65022
1.42016575e+09 2.65654
1.42016975e+09 2.64726
1.42017375e+09 2.6598
1.42017775e+09 2.66117
1.42018175e+09 2.65224
1.42018575e+09 2.64039
1.42018975e+09 2.65082
1.42019375e+09 2.62529
1.42019775e+09 2.62574
1.42020175e+09 2.62285
1.42020575e+09 2.62061
1.42020975e+09 2.61587
1.42021375e+09 2.58984
1.42021775e+09 2.60575
1.42022175e+09 2.58942
1.42022575e+09 2.58785
1.42022975e+09 2.60317
1.42023375e+09 2.58449
1.42023775e+09 2.5904
1.42024175e+09 2.59462
1.42024575e+09 2.5905
1.42024975e+09 2.935
1.42025375e+09 2.59466
1.42025775e+09 2.57698
1.42026175e+09 2.59765
1.42026575e+09 2.60497
1.42026975e+09 2.60514
1.42027375e+09 2.61171
1.42027775e+09 2.64468
1.42028175e+09 2.65575
1.42028575e+09 2.68166
1.42028975e+09 2.7126
1.42029375e+09 2.71611
1.42029775e+09 2.71099
1.42030175e+09 2.7207
1.42030575e+09 2.73382
1.42030975e+09 2.74363
1.42031375e+09 2.75991
1.42031775e+09 2.74935
1.42032175e+09 2.77263
1.42032575e+09 2.78628
1.42032975e+09 2.8015
1.42033375e+09 2.8121
1.42033775e+09 2.8556
1.42034175e+09 2.89706
1.42034575e+09 2.91577
1.42034975e+09 2.95201
1.42035375e+09 2.96456
1.42035775e+09 2.98173
1.42036175e+09 2.97976
1.42036575e+09 2.95864
1.42036975e+09 2.94697
1.42037375e+09 2.88651
1.42037775e+09 2.85993
1.42038175e+09 2.80922
1.42038575e+09 2.76985
1.42038975e+09 2.70979
1.42039375e+09 2.64699
1.42039775e+09 2.5831
1.42040175e+09 2.55639
1.42040575e+09 2.51698
1.42040975e+09 2.47725
1.42041375e+09 2.44417
1.42041775e+09 2.42725
1.42042175e+09 2.42872
1.42042575e+09 2.39166
1.42042975e+09 2.39813
1.42043375e+09 2.39229
1.42043775e+09 2.37303
1.42044175e+09 2.37033
1.42044575e+09 2.36921
1.42044975e+09 2.3673
1.42045375e+09 2.37497
1.42045775e+09 2.35635
1.42046175e+09 2.36833
1.42046575e+09 2.3699
1.42046975e+09 2.37357
1.42047375e+09 2.36562
1.42047775e+09 2.3696
1.42048175e+09 2.38748
1.42048575e+09 2.3794
1.42048975e+09 2.38179
1.42049375e+09 2.38007
1.42049775e+09 2.38758
1.42050175e+09 2.37854
1.42050575e+09 2.41039
1.42050975e+09 2.4077
1.42051375e+09 2.3908
1.42051775e+09 2.4101
1.42052175e+09 2.40136
1.42052575e+09 2.42306
1.42052975e+09 2.42989
1.42053375e+09 2.43051
1.42053775e+09 2.43431
1.42054175e+09 2.44216
1.42054575e+09 2.43975
1.42054975e+09 2.46872
1.42055375e+09 2.4735
1.42055775e+09 2.46474
1.42056175e+09 2.46939
1.42056575e+09 2.47647
1.42056975e+09 2.50455
1.42057375e+09 2.49572
1.42057775e+09 2.47693
1.42058175e+09 2.48963
1.42058575e+09 2.50679
1.42058975e+09 2.51698
1.42059375e+09 2.51903
1.42059775e+09 2.5224
1.42060175e+09 2.52274
1.42060575e+09 2.54648
1.42060975e+09 2.5531
1.42061375e+09 2.56449
1.42061775e+09 2.5662
1.42062175e+09 2.5576
1.42062575e+09 2.55437
1.42062975e+09 2.57722
1.42063375e+09 2.57038
1.42063775e+09 2.58903
1.42064175e+09 2.55812
1.42064575e+09 2.57052
1.42064975e+09 2.57683
1.42065375e+09 2.56429
1.42065775e+09 2.58416
1.42066175e+09 2.56438
1.42066575e+09 2.55864
1.42066975e+09 2.57502
1.42067375e+09 2.53928
1.42067775e+09 2.53765
1.42068175e+09 2.53398
1.42068575e+09 2.55057
1.42068975e+09 2.53296
1.42069375e+09 2.52783
1.42069775e+09 2.53333
1.42070175e+09 2.54358
1.42070575e+09 2.53196
1.42070975e+09 2.50986
1.42071375e+09 2.52607
1.42071775e+09 2.5082
1.42072175e+09 2.50948
1.42072575e+09 2.50459
1.42072975e+09 2.50548
1.42073375e+09 2.49451
1.42073775e+09 2.4955
1.42074175e+09 2.47818
1.42074575e+09 2.47687
1.42074975e+09 2.47291
1.42075375e+09 2.47133
1.42075775e+09 2.48125
1.42076175e+09 2.47236
1.42076575e+09 2.47167
1.42076975e+09 2.46715
1.42077375e+09 2.46452
1.42077775e+09 2.45574
1.42078175e+09 2.45574
1.42078575e+09 2.47318
1.42078975e+09 2.45871
1.42079375e+09 2.44201
1.42079775e+09 2.45748
1.42080175e+09 2.45977
1.42080575e+09 2.46213
1.42080975e+09 2.4541
1.42081375e+09 2.44479
1.42081775e+09 2.43916
1.42082175e+09 2.40864
1.42082575e+09 2.43765
1.42082975e+09 2.41578
1.42083375e+09 2.44481
1.42083775e+09 2.43401
1.42084175e+09 2.4453
1.42084575e+09 2.44518
1.42084975e+09 2.42505
1.42085375e+09 2.42968
1.42085775e+09 2.43305
1.42086175e+09 2.42908
1.42086575e+09 2.44086
1.42086975e+09 2.43039
1.42087375e+09 2.44604
1.42087775e+09 2.4416
1.42088175e+09 2.43931
1.42088575e+09 2.43723
1.42088975e+09 2.43494
1.42089375e+09 2.4279
1.42089775e+09 2.42981
1.42090175e+09 2.4417
1.42090575e+09 2.448
1.42090975e+09 2.42452
1.42091375e+09 2.43875
1.42091775e+09 2.45294
1.42092175e+09 2.47327
1.42092575e+09 2.43469
1.42092975e+09 2.44976
1.42093375e+09 2.45494
1.42093775e+09 2.43831
1.42094175e+09 2.45075
1.42094575e+09 2.44598
1.42094975e+09 2.41855
1.42095375e+09 2.44111
1.42095775e+09 2.46497
1.42096175e+09 2.45081
1.42096575e+09 2.44898
1.42096975e+09 2.45585
1.42097375e+09 2.47078
1.42097775e+09 2.44432
1.42098175e+09 2.44008
1.42098575e+09 2.43679
1.42098975e+09 2.46363
1.42099375e+09 2.478
1.42099775e+09 2.46887
1.42100175e+09 2.46004
1.42100575e+09 2.4605
1.42100975e+09 2.45934
1.42101375e+09 2.46551
1.42101775e+09 2.46506
1.42102175e+09 2.4733
1.42102575e+09 2.46066
1.42102975e+09 2.4832
1.42103375e+09 2.46943
1.42103775e+09 2.47922
1.42104175e+09 2.48735
1.42104575e+09 2.48791
1.42104975e+09 2.50031
1.42105375e+09 2.4934
1.42105775e+09 2.47973
1.42106175e+09 2.47168
1.42106575e+09 2.48335
1.42106975e+09 2.4752
1.42107375e+09 2.49581
1.42107775e+09 2.49629
1.42108175e+09 2.49502
1.42108575e+09 2.4922
1.42108975e+09 2.48732
1.42109375e+09 2.48451
1.42109775e+09 2.49063
1.42110175e+09 2.49053
1.42110575e+09 2.48358
1.42110975e+09 2.49618
1.42111375e+09 2.48119
1.42111775e+09 2.48696
1.42112175e+09 2.49756
1.42112575e+09 2.50426
1.42112975e+09 2.49678
1.42113375e+09 2.49091
1.42113775e+09 2.49918
1.42114175e+09 2.50069
1.42114575e+09 2.50897
1.42114975e+09 2.50008
1.42115375e+09 2.4825
1.42115775e+09 2.4846
1.42116175e+09 2.49214
1.42116575e+09 2.51716
1.42116975e+09 2.48906
1.42117375e+09 2.48602
1.42117775e+09 2.50208
1.42118175e+09 2.49841
1.42118575e+09 2.50694
1.42118975e+09 2.50774
1.42119375e+09 2.50517
1.42119775e+09 2.50488
1.42120175e+09 2.51479
1.42120575e+09 2.48584
1.42120975e+09 2.50854
1.42121375e+09 2.50569
1.42121775e+09 2.49889
1.42122175e+09 2.50388
1.42122575e+09 2.50476
1.42122975e+09 2.50917
1.42123375e+09 2.50181
1.42123775e+09 2.49195
1.42124175e+09 2.50999
1.42124575e+09 2.50712
1.42124975e+09 2.51834
1.42125375e+09 2.51836
1.42125775e+09 2.48384
1.42126175e+09 2.50517
1.42126575e+09 2.49551
1.42126975e+09 2.49129
1.42127375e+09 2.50063
1.42127775e+09 2.50089
1.42128175e+09 2.49232
1.42128575e+09 2.49803
1.42128975e+09 2.47348
1.42129375e+09 2.48112
1.42129775e+09 2.48048
1.42130175e+09 2.48005
1.42130575e+09 2.4765
1.42130975e+09 2.47466
1.42131375e+09 2.46772
1.42131775e+09 2.47492
1.42132175e+09 2.47417
1.42132575e+09 2.46101
1.42132975e+09 2.45066
1.42133375e+09 2.45501
1.42133775e+09 2.44357
1.42134175e+09 2.4479
1.42134575e+09 2.43057
1.42134975e+09 2.44437
1.42135375e+09 2.41213
1.42135775e+09 2.41325
1.42136175e+09 2.41292
1.42136575e+09 2.38961
1.42136975e+09 2.40209
1.42137375e+09 2.41112
1.42137775e+09 2.3923
1.42138175e+09 2.38333
1.42138575e+09 2.38319
1.42138975e+09 2.37312
1.42139375e+09 2.34546
1.42139775e+09 2.34453
1.42140175e+09 2.32748


