# rtl-power-fftw output
# galactisch: 052
# antenne: 202-53
# dark: dark20170829153246
# data: A052_20170919200721
# -b: 500
# -t: 150
# -g: 300
# -p: 0
# Acquisition start: 2017-09-19 20:07:22 UTC
# Acquisition end: 2017-09-19 20:09:54 UTC
#
# frequency [Hz] power spectral density [dB/Hz]
1.41940575e+09 2.43127
1.41940975e+09 2.41228
1.41941375e+09 2.41318
1.41941775e+09 2.41232
1.41942175e+09 2.38595
1.41942575e+09 2.37792
1.41942975e+09 2.37707
1.41943375e+09 2.36054
1.41943775e+09 2.3354
1.41944175e+09 2.32703
1.41944575e+09 2.30135
1.41944975e+09 2.29905
1.41945375e+09 2.2893
1.41945775e+09 2.27411
1.41946175e+09 2.26326
1.41946575e+09 2.2331
1.41946975e+09 2.22987
1.41947375e+09 2.20558
1.41947775e+09 2.19311
1.41948175e+09 2.19391
1.41948575e+09 2.17014
1.41948975e+09 2.1454
1.41949375e+09 2.15761
1.41949775e+09 2.13022
1.41950175e+09 2.1231
1.41950575e+09 2.13706
1.41950975e+09 2.11133
1.41951375e+09 2.09009
1.41951775e+09 2.08114
1.41952175e+09 2.06631
1.41952575e+09 2.0711
1.41952975e+09 2.07884
1.41953375e+09 2.03803
1.41953775e+09 2.05271
1.41954175e+09 2.03958
1.41954575e+09 2.05123
1.41954975e+09 2.04639
1.41955375e+09 2.04614
1.41955775e+09 2.05233
1.41956175e+09 2.05301
1.41956575e+09 2.05059
1.41956975e+09 2.03544
1.41957375e+09 2.05072
1.41957775e+09 2.05048
1.41958175e+09 2.06287
1.41958575e+09 2.05571
1.41958975e+09 2.05121
1.41959375e+09 2.04221
1.41959775e+09 2.0366
1.41960175e+09 2.02406
1.41960575e+09 2.04672
1.41960975e+09 2.04677
1.41961375e+09 2.05782
1.41961775e+09 2.04463
1.41962175e+09 2.05275
1.41962575e+09 2.04979
1.41962975e+09 2.06896
1.41963375e+09 2.07936
1.41963775e+09 2.07144
1.41964175e+09 2.06409
1.41964575e+09 2.07093
1.41964975e+09 2.0674
1.41965375e+09 2.07008
1.41965775e+09 2.07089
1.41966175e+09 2.06155
1.41966575e+09 2.0829
1.41966975e+09 2.06336
1.41967375e+09 2.07939
1.41967775e+09 2.07607
1.41968175e+09 2.09424
1.41968575e+09 2.08644
1.41968975e+09 2.09957
1.41969375e+09 2.09863
1.41969775e+09 2.09106
1.41970175e+09 2.09569
1.41970575e+09 2.10186
1.41970975e+09 2.08795
1.41971375e+09 2.10116
1.41971775e+09 2.09899
1.41972175e+09 2.09799
1.41972575e+09 2.10786
1.41972975e+09 2.10603
1.41973375e+09 2.10865
1.41973775e+09 2.09357
1.41974175e+09 2.11181
1.41974575e+09 2.11838
1.41974975e+09 2.09207
1.41975375e+09 2.09627
1.41975775e+09 2.10463
1.41976175e+09 2.10645
1.41976575e+09 2.09967
1.41976975e+09 2.11
1.41977375e+09 2.10918
1.41977775e+09 2.11147
1.41978175e+09 2.12792
1.41978575e+09 2.12714
1.41978975e+09 2.13228
1.41979375e+09 2.1239
1.41979775e+09 2.12397
1.41980175e+09 2.1286
1.41980575e+09 2.11826
1.41980975e+09 2.13618
1.41981375e+09 2.1388
1.41981775e+09 2.13293
1.41982175e+09 2.1376
1.41982575e+09 2.13373
1.41982975e+09 2.16123
1.41983375e+09 2.13074
1.41983775e+09 2.14647
1.41984175e+09 2.15815
1.41984575e+09 2.15823
1.41984975e+09 2.14719
1.41985375e+09 2.14622
1.41985775e+09 2.15954
1.41986175e+09 2.15467
1.41986575e+09 2.18479
1.41986975e+09 2.16366
1.41987375e+09 2.1494
1.41987775e+09 2.18128
1.41988175e+09 2.16536
1.41988575e+09 2.1656
1.41988975e+09 2.16946
1.41989375e+09 2.17092
1.41989775e+09 2.17014
1.41990175e+09 2.14907
1.41990575e+09 2.16037
1.41990975e+09 2.17098
1.41991375e+09 2.18717
1.41991775e+09 2.18212
1.41992175e+09 2.17171
1.41992575e+09 2.1933
1.41992975e+09 2.19294
1.41993375e+09 2.20726
1.41993775e+09 2.18579
1.41994175e+09 2.18475
1.41994575e+09 2.16402
1.41994975e+09 2.1917
1.41995375e+09 2.18963
1.41995775e+09 2.20461
1.41996175e+09 2.19807
1.41996575e+09 2.1833
1.41996975e+09 2.20899
1.41997375e+09 2.20362
1.41997775e+09 2.20212
1.41998175e+09 2.20571
1.41998575e+09 2.21603
1.41998975e+09 2.22546
1.41999375e+09 2.22419
1.41999775e+09 2.22616
1.42000175e+09 2.20753
1.42000575e+09 2.22987
1.42000975e+09 2.23094
1.42001375e+09 2.22977
1.42001775e+09 2.22685
1.42002175e+09 2.20842
1.42002575e+09 2.23474
1.42002975e+09 2.23393
1.42003375e+09 2.24709
1.42003775e+09 2.23661
1.42004175e+09 2.27708
1.42004575e+09 2.27247
1.42004975e+09 2.26759
1.42005375e+09 2.26827
1.42005775e+09 2.2603
1.42006175e+09 2.27485
1.42006575e+09 2.2761
1.42006975e+09 2.29203
1.42007375e+09 2.30282
1.42007775e+09 2.3148
1.42008175e+09 2.32271
1.42008575e+09 2.33898
1.42008975e+09 2.33948
1.42009375e+09 2.36416
1.42009775e+09 2.37584
1.42010175e+09 2.37301
1.42010575e+09 2.39682
1.42010975e+09 2.38736
1.42011375e+09 2.42757
1.42011775e+09 2.43144
1.42012175e+09 2.46474
1.42012575e+09 2.44972
1.42012975e+09 2.42829
1.42013375e+09 2.44477
1.42013775e+09 2.4659
1.42014175e+09 2.47818
1.42014575e+09 2.47177
1.42014975e+09 2.43995
1.42015375e+09 2.34332
1.42015775e+09 2.50913
1.42016175e+09 2.55491
1.42016575e+09 2.54832
1.42016975e+09 2.54625
1.42017375e+09 2.57546
1.42017775e+09 2.57781
1.42018175e+09 2.59228
1.42018575e+09 2.59446
1.42018975e+09 2.60696
1.42019375e+09 2.59747
1.42019775e+09 2.61101
1.42020175e+09 2.61042
1.42020575e+09 2.60803
1.42020975e+09 2.63197
1.42021375e+09 2.62226
1.42021775e+09 2.63208
1.42022175e+09 2.62568
1.42022575e+09 2.64198
1.42022975e+09 2.66657
1.42023375e+09 2.64974
1.42023775e+09 2.65496
1.42024175e+09 2.65583
1.42024575e+09 2.6608
1.42024975e+09 3.01715
1.42025375e+09 2.65621
1.42025775e+09 2.66102
1.42026175e+09 2.65505
1.42026575e+09 2.63763
1.42026975e+09 2.65334
1.42027375e+09 2.6457
1.42027775e+09 2.67503
1.42028175e+09 2.69259
1.42028575e+09 2.70633
1.42028975e+09 2.7528
1.42029375e+09 2.74091
1.42029775e+09 2.73867
1.42030175e+09 2.74963
1.42030575e+09 2.77244
1.42030975e+09 2.76405
1.42031375e+09 2.77072
1.42031775e+09 2.77537
1.42032175e+09 2.7815
1.42032575e+09 2.80489
1.42032975e+09 2.83774
1.42033375e+09 2.86409
1.42033775e+09 2.88995
1.42034175e+09 2.94376
1.42034575e+09 2.97978
1.42034975e+09 3.01828
1.42035375e+09 3.07224
1.42035775e+09 3.09424
1.42036175e+09 3.1151
1.42036575e+09 3.11672
1.42036975e+09 3.14329
1.42037375e+09 3.08149
1.42037775e+09 3.0779
1.42038175e+09 3.03313
1.42038575e+09 2.99015
1.42038975e+09 2.94371
1.42039375e+09 2.87584
1.42039775e+09 2.82862
1.42040175e+09 2.78442
1.42040575e+09 2.73829
1.42040975e+09 2.69171
1.42041375e+09 2.65339
1.42041775e+09 2.63943
1.42042175e+09 2.62346
1.42042575e+09 2.57579
1.42042975e+09 2.58704
1.42043375e+09 2.55617
1.42043775e+09 2.55739
1.42044175e+09 2.54666
1.42044575e+09 2.55043
1.42044975e+09 2.53534
1.42045375e+09 2.52841
1.42045775e+09 2.51732
1.42046175e+09 2.51597
1.42046575e+09 2.52565
1.42046975e+09 2.52021
1.42047375e+09 2.5179
1.42047775e+09 2.50835
1.42048175e+09 2.52109
1.42048575e+09 2.51321
1.42048975e+09 2.5136
1.42049375e+09 2.50965
1.42049775e+09 2.51305
1.42050175e+09 2.50626
1.42050575e+09 2.51894
1.42050975e+09 2.51794
1.42051375e+09 2.49357
1.42051775e+09 2.50642
1.42052175e+09 2.50666
1.42052575e+09 2.5145
1.42052975e+09 2.51593
1.42053375e+09 2.51942
1.42053775e+09 2.5134
1.42054175e+09 2.52275
1.42054575e+09 2.52441
1.42054975e+09 2.53452
1.42055375e+09 2.52385
1.42055775e+09 2.52474
1.42056175e+09 2.53607
1.42056575e+09 2.53636
1.42056975e+09 2.55571
1.42057375e+09 2.5509
1.42057775e+09 2.54642
1.42058175e+09 2.55591
1.42058575e+09 2.56357
1.42058975e+09 2.56771
1.42059375e+09 2.57351
1.42059775e+09 2.56865
1.42060175e+09 2.57637
1.42060575e+09 2.59324
1.42060975e+09 2.60844
1.42061375e+09 2.61452
1.42061775e+09 2.6124
1.42062175e+09 2.62532
1.42062575e+09 2.62776
1.42062975e+09 2.64687
1.42063375e+09 2.64759
1.42063775e+09 2.65863
1.42064175e+09 2.66091
1.42064575e+09 2.65368
1.42064975e+09 2.67127
1.42065375e+09 2.65827
1.42065775e+09 2.67118
1.42066175e+09 2.67975
1.42066575e+09 2.67295
1.42066975e+09 2.69823
1.42067375e+09 2.67309
1.42067775e+09 2.68426
1.42068175e+09 2.66037
1.42068575e+09 2.6794
1.42068975e+09 2.68662
1.42069375e+09 2.68233
1.42069775e+09 2.68073
1.42070175e+09 2.69135
1.42070575e+09 2.67541
1.42070975e+09 2.67275
1.42071375e+09 2.68872
1.42071775e+09 2.66985
1.42072175e+09 2.67176
1.42072575e+09 2.67393
1.42072975e+09 2.66091
1.42073375e+09 2.64679
1.42073775e+09 2.64591
1.42074175e+09 2.65191
1.42074575e+09 2.64762
1.42074975e+09 2.65494
1.42075375e+09 2.63395
1.42075775e+09 2.64973
1.42076175e+09 2.6434
1.42076575e+09 2.63707
1.42076975e+09 2.62866
1.42077375e+09 2.64368
1.42077775e+09 2.62864
1.42078175e+09 2.62216
1.42078575e+09 2.64866
1.42078975e+09 2.62601
1.42079375e+09 2.61969
1.42079775e+09 2.61812
1.42080175e+09 2.63381
1.42080575e+09 2.623
1.42080975e+09 2.61234
1.42081375e+09 2.60855
1.42081775e+09 2.59544
1.42082175e+09 2.58094
1.42082575e+09 2.60252
1.42082975e+09 2.59735
1.42083375e+09 2.60539
1.42083775e+09 2.58828
1.42084175e+09 2.60177
1.42084575e+09 2.60286
1.42084975e+09 2.59826
1.42085375e+09 2.57279
1.42085775e+09 2.57191
1.42086175e+09 2.5859
1.42086575e+09 2.58378
1.42086975e+09 2.59796
1.42087375e+09 2.55982
1.42087775e+09 2.58495
1.42088175e+09 2.57195
1.42088575e+09 2.58461
1.42088975e+09 2.55821
1.42089375e+09 2.55929
1.42089775e+09 2.55433
1.42090175e+09 2.57547
1.42090575e+09 2.57827
1.42090975e+09 2.56567
1.42091375e+09 2.58237
1.42091775e+09 2.58503
1.42092175e+09 2.58944
1.42092575e+09 2.57776
1.42092975e+09 2.58647
1.42093375e+09 2.58822
1.42093775e+09 2.57232
1.42094175e+09 2.56696
1.42094575e+09 2.57138
1.42094975e+09 2.54111
1.42095375e+09 2.5495
1.42095775e+09 2.57542
1.42096175e+09 2.57343
1.42096575e+09 2.57655
1.42096975e+09 2.58459
1.42097375e+09 2.57324
1.42097775e+09 2.56621
1.42098175e+09 2.5566
1.42098575e+09 2.5662
1.42098975e+09 2.58603
1.42099375e+09 2.61816
1.42099775e+09 2.58327
1.42100175e+09 2.58641
1.42100575e+09 2.58378
1.42100975e+09 2.59239
1.42101375e+09 2.58205
1.42101775e+09 2.5777
1.42102175e+09 2.58251
1.42102575e+09 2.58821
1.42102975e+09 2.58856
1.42103375e+09 2.58273
1.42103775e+09 2.59609
1.42104175e+09 2.61271
1.42104575e+09 2.60367
1.42104975e+09 2.63174
1.42105375e+09 2.60626
1.42105775e+09 2.59954
1.42106175e+09 2.60159
1.42106575e+09 2.60514
1.42106975e+09 2.59114
1.42107375e+09 2.62327
1.42107775e+09 2.61355
1.42108175e+09 2.60182
1.42108575e+09 2.61889
1.42108975e+09 2.59656
1.42109375e+09 2.60426
1.42109775e+09 2.61413
1.42110175e+09 2.59781
1.42110575e+09 2.60493
1.42110975e+09 2.61284
1.42111375e+09 2.59193
1.42111775e+09 2.61272
1.42112175e+09 2.61377
1.42112575e+09 2.63744
1.42112975e+09 2.60882
1.42113375e+09 2.59949
1.42113775e+09 2.61887
1.42114175e+09 2.61073
1.42114575e+09 2.61569
1.42114975e+09 2.61373
1.42115375e+09 2.60187
1.42115775e+09 2.61033
1.42116175e+09 2.61153
1.42116575e+09 2.62366
1.42116975e+09 2.60211
1.42117375e+09 2.61011
1.42117775e+09 2.62013
1.42118175e+09 2.61272
1.42118575e+09 2.62281
1.42118975e+09 2.61609
1.42119375e+09 2.61556
1.42119775e+09 2.61443
1.42120175e+09 2.62875
1.42120575e+09 2.61183
1.42120975e+09 2.63187
1.42121375e+09 2.6251
1.42121775e+09 2.61819
1.42122175e+09 2.62745
1.42122575e+09 2.61827
1.42122975e+09 2.62377
1.42123375e+09 2.61326
1.42123775e+09 2.62686
1.42124175e+09 2.62362
1.42124575e+09 2.60959
1.42124975e+09 2.62808
1.42125375e+09 2.6382
1.42125775e+09 2.60736
1.42126175e+09 2.62587
1.42126575e+09 2.61505
1.42126975e+09 2.60876
1.42127375e+09 2.61974
1.42127775e+09 2.6152
1.42128175e+09 2.6098
1.42128575e+09 2.60703
1.42128975e+09 2.59181
1.42129375e+09 2.60177
1.42129775e+09 2.58015
1.42130175e+09 2.59148
1.42130575e+09 2.59119
1.42130975e+09 2.58904
1.42131375e+09 2.57954
1.42131775e+09 2.58553
1.42132175e+09 2.57905
1.42132575e+09 2.5708
1.42132975e+09 2.56518
1.42133375e+09 2.56852
1.42133775e+09 2.55664
1.42134175e+09 2.56132
1.42134575e+09 2.55863
1.42134975e+09 2.54301
1.42135375e+09 2.5369
1.42135775e+09 2.52634
1.42136175e+09 2.53259
1.42136575e+09 2.51532
1.42136975e+09 2.50138
1.42137375e+09 2.52622
1.42137775e+09 2.51848
1.42138175e+09 2.50878
1.42138575e+09 2.49581
1.42138975e+09 2.47831
1.42139375e+09 2.46382
1.42139775e+09 2.45142
1.42140175e+09 2.44259


