# rtl-power-fftw output
# galactisch: 056
# antenne: 203-57
# dark: dark20170829153246
# data: A056_20170919201204
# -b: 500
# -t: 150
# -g: 300
# -p: 0
# Acquisition start: 2017-09-19 20:12:05 UTC
# Acquisition end: 2017-09-19 20:14:36 UTC
#
# frequency [Hz] power spectral density [dB/Hz]
1.41940575e+09 2.53691
1.41940975e+09 2.50973
1.41941375e+09 2.5224
1.41941775e+09 2.50608
1.41942175e+09 2.48265
1.41942575e+09 2.48783
1.41942975e+09 2.47425
1.41943375e+09 2.46509
1.41943775e+09 2.44169
1.41944175e+09 2.42444
1.41944575e+09 2.42208
1.41944975e+09 2.4083
1.41945375e+09 2.39208
1.41945775e+09 2.3744
1.41946175e+09 2.35501
1.41946575e+09 2.32749
1.41946975e+09 2.34542
1.41947375e+09 2.3071
1.41947775e+09 2.31005
1.41948175e+09 2.28812
1.41948575e+09 2.28716
1.41948975e+09 2.25355
1.41949375e+09 2.2567
1.41949775e+09 2.22328
1.41950175e+09 2.21094
1.41950575e+09 2.2353
1.41950975e+09 2.22093
1.41951375e+09 2.18718
1.41951775e+09 2.18319
1.41952175e+09 2.17152
1.41952575e+09 2.17955
1.41952975e+09 2.16983
1.41953375e+09 2.16442
1.41953775e+09 2.15927
1.41954175e+09 2.17082
1.41954575e+09 2.1597
1.41954975e+09 2.1694
1.41955375e+09 2.16606
1.41955775e+09 2.1659
1.41956175e+09 2.16419
1.41956575e+09 2.15662
1.41956975e+09 2.14251
1.41957375e+09 2.16076
1.41957775e+09 2.15527
1.41958175e+09 2.16316
1.41958575e+09 2.16563
1.41958975e+09 2.15913
1.41959375e+09 2.14799
1.41959775e+09 2.14765
1.41960175e+09 2.14381
1.41960575e+09 2.1667
1.41960975e+09 2.15484
1.41961375e+09 2.17002
1.41961775e+09 2.16808
1.41962175e+09 2.16717
1.41962575e+09 2.17147
1.41962975e+09 2.17704
1.41963375e+09 2.19055
1.41963775e+09 2.17597
1.41964175e+09 2.18802
1.41964575e+09 2.17643
1.41964975e+09 2.19456
1.41965375e+09 2.19088
1.41965775e+09 2.18115
1.41966175e+09 2.18913
1.41966575e+09 2.18908
1.41966975e+09 2.18064
1.41967375e+09 2.19822
1.41967775e+09 2.1916
1.41968175e+09 2.21609
1.41968575e+09 2.20616
1.41968975e+09 2.21444
1.41969375e+09 2.21012
1.41969775e+09 2.20675
1.41970175e+09 2.20514
1.41970575e+09 2.21402
1.41970975e+09 2.20444
1.41971375e+09 2.22505
1.41971775e+09 2.21469
1.41972175e+09 2.22442
1.41972575e+09 2.22753
1.41972975e+09 2.23052
1.41973375e+09 2.21595
1.41973775e+09 2.20902
1.41974175e+09 2.22248
1.41974575e+09 2.23196
1.41974975e+09 2.21043
1.41975375e+09 2.21591
1.41975775e+09 2.22105
1.41976175e+09 2.21752
1.41976575e+09 2.22008
1.41976975e+09 2.23288
1.41977375e+09 2.23756
1.41977775e+09 2.22791
1.41978175e+09 2.24107
1.41978575e+09 2.23849
1.41978975e+09 2.25627
1.41979375e+09 2.24235
1.41979775e+09 2.25599
1.41980175e+09 2.25174
1.41980575e+09 2.2408
1.41980975e+09 2.24788
1.41981375e+09 2.25297
1.41981775e+09 2.26475
1.41982175e+09 2.26027
1.41982575e+09 2.26455
1.41982975e+09 2.27916
1.41983375e+09 2.23642
1.41983775e+09 2.26047
1.41984175e+09 2.26231
1.41984575e+09 2.27136
1.41984975e+09 2.26806
1.41985375e+09 2.26636
1.41985775e+09 2.27323
1.41986175e+09 2.27766
1.41986575e+09 2.28642
1.41986975e+09 2.27667
1.41987375e+09 2.27646
1.41987775e+09 2.28723
1.41988175e+09 2.28368
1.41988575e+09 2.28654
1.41988975e+09 2.2887
1.41989375e+09 2.29161
1.41989775e+09 2.29386
1.41990175e+09 2.27294
1.41990575e+09 2.277
1.41990975e+09 2.28009
1.41991375e+09 2.29858
1.41991775e+09 2.30444
1.41992175e+09 2.28928
1.41992575e+09 2.3087
1.41992975e+09 2.30878
1.41993375e+09 2.31386
1.41993775e+09 2.30168
1.41994175e+09 2.3068
1.41994575e+09 2.29602
1.41994975e+09 2.31757
1.41995375e+09 2.31311
1.41995775e+09 2.33326
1.41996175e+09 2.31724
1.41996575e+09 2.31613
1.41996975e+09 2.32408
1.41997375e+09 2.32233
1.41997775e+09 2.32311
1.41998175e+09 2.31724
1.41998575e+09 2.32257
1.41998975e+09 2.33657
1.41999375e+09 2.34557
1.41999775e+09 2.34428
1.42000175e+09 2.34277
1.42000575e+09 2.34794
1.42000975e+09 2.33633
1.42001375e+09 2.36106
1.42001775e+09 2.33786
1.42002175e+09 2.32796
1.42002575e+09 2.3423
1.42002975e+09 2.35941
1.42003375e+09 2.36063
1.42003775e+09 2.34931
1.42004175e+09 2.38256
1.42004575e+09 2.37871
1.42004975e+09 2.37465
1.42005375e+09 2.36879
1.42005775e+09 2.35577
1.42006175e+09 2.37474
1.42006575e+09 2.36188
1.42006975e+09 2.3749
1.42007375e+09 2.37951
1.42007775e+09 2.38721
1.42008175e+09 2.39414
1.42008575e+09 2.39571
1.42008975e+09 2.40191
1.42009375e+09 2.40514
1.42009775e+09 2.40722
1.42010175e+09 2.40943
1.42010575e+09 2.43224
1.42010975e+09 2.41767
1.42011375e+09 2.43482
1.42011775e+09 2.42643
1.42012175e+09 2.47769
1.42012575e+09 2.45764
1.42012975e+09 2.43172
1.42013375e+09 2.44435
1.42013775e+09 2.45713
1.42014175e+09 2.46437
1.42014575e+09 2.44424
1.42014975e+09 2.41001
1.42015375e+09 2.32437
1.42015775e+09 2.48631
1.42016175e+09 2.5093
1.42016575e+09 2.51527
1.42016975e+09 2.51512
1.42017375e+09 2.54938
1.42017775e+09 2.53777
1.42018175e+09 2.55452
1.42018575e+09 2.55998
1.42018975e+09 2.5628
1.42019375e+09 2.57032
1.42019775e+09 2.58049
1.42020175e+09 2.6068
1.42020575e+09 2.61065
1.42020975e+09 2.6305
1.42021375e+09 2.62187
1.42021775e+09 2.643
1.42022175e+09 2.64897
1.42022575e+09 2.65635
1.42022975e+09 2.71091
1.42023375e+09 2.68384
1.42023775e+09 2.70452
1.42024175e+09 2.69673
1.42024575e+09 2.7148
1.42024975e+09 3.02402
1.42025375e+09 2.72428
1.42025775e+09 2.72613
1.42026175e+09 2.74304
1.42026575e+09 2.73693
1.42026975e+09 2.74838
1.42027375e+09 2.7449
1.42027775e+09 2.78621
1.42028175e+09 2.79407
1.42028575e+09 2.81455
1.42028975e+09 2.85181
1.42029375e+09 2.86238
1.42029775e+09 2.87008
1.42030175e+09 2.89084
1.42030575e+09 2.8958
1.42030975e+09 2.91876
1.42031375e+09 2.92918
1.42031775e+09 2.92212
1.42032175e+09 2.93953
1.42032575e+09 2.95191
1.42032975e+09 2.97945
1.42033375e+09 2.98947
1.42033775e+09 3.03436
1.42034175e+09 3.05636
1.42034575e+09 3.09592
1.42034975e+09 3.12419
1.42035375e+09 3.16364
1.42035775e+09 3.18676
1.42036175e+09 3.21149
1.42036575e+09 3.22042
1.42036975e+09 3.24632
1.42037375e+09 3.22979
1.42037775e+09 3.21202
1.42038175e+09 3.17938
1.42038575e+09 3.15372
1.42038975e+09 3.10432
1.42039375e+09 3.06311
1.42039775e+09 3.02943
1.42040175e+09 2.98496
1.42040575e+09 2.95055
1.42040975e+09 2.91592
1.42041375e+09 2.8766
1.42041775e+09 2.84975
1.42042175e+09 2.82534
1.42042575e+09 2.78492
1.42042975e+09 2.78829
1.42043375e+09 2.77024
1.42043775e+09 2.75087
1.42044175e+09 2.74117
1.42044575e+09 2.73923
1.42044975e+09 2.72285
1.42045375e+09 2.72257
1.42045775e+09 2.70982
1.42046175e+09 2.70899
1.42046575e+09 2.71308
1.42046975e+09 2.70017
1.42047375e+09 2.69402
1.42047775e+09 2.68505
1.42048175e+09 2.69956
1.42048575e+09 2.69677
1.42048975e+09 2.68091
1.42049375e+09 2.66906
1.42049775e+09 2.68285
1.42050175e+09 2.66961
1.42050575e+09 2.67949
1.42050975e+09 2.67061
1.42051375e+09 2.64219
1.42051775e+09 2.6538
1.42052175e+09 2.63692
1.42052575e+09 2.64415
1.42052975e+09 2.64936
1.42053375e+09 2.64722
1.42053775e+09 2.64108
1.42054175e+09 2.64088
1.42054575e+09 2.62502
1.42054975e+09 2.63852
1.42055375e+09 2.64811
1.42055775e+09 2.63608
1.42056175e+09 2.62672
1.42056575e+09 2.63421
1.42056975e+09 2.64965
1.42057375e+09 2.64359
1.42057775e+09 2.64832
1.42058175e+09 2.63959
1.42058575e+09 2.65233
1.42058975e+09 2.65897
1.42059375e+09 2.65511
1.42059775e+09 2.6612
1.42060175e+09 2.65581
1.42060575e+09 2.6786
1.42060975e+09 2.68107
1.42061375e+09 2.7004
1.42061775e+09 2.70222
1.42062175e+09 2.70474
1.42062575e+09 2.70578
1.42062975e+09 2.72714
1.42063375e+09 2.72492
1.42063775e+09 2.74789
1.42064175e+09 2.73955
1.42064575e+09 2.7517
1.42064975e+09 2.76154
1.42065375e+09 2.76253
1.42065775e+09 2.78659
1.42066175e+09 2.78401
1.42066575e+09 2.78858
1.42066975e+09 2.81015
1.42067375e+09 2.80409
1.42067775e+09 2.78921
1.42068175e+09 2.80739
1.42068575e+09 2.82837
1.42068975e+09 2.81394
1.42069375e+09 2.82104
1.42069775e+09 2.83735
1.42070175e+09 2.86111
1.42070575e+09 2.83754
1.42070975e+09 2.84542
1.42071375e+09 2.85082
1.42071775e+09 2.84797
1.42072175e+09 2.84764
1.42072575e+09 2.86356
1.42072975e+09 2.85
1.42073375e+09 2.82827
1.42073775e+09 2.85427
1.42074175e+09 2.83883
1.42074575e+09 2.83283
1.42074975e+09 2.8461
1.42075375e+09 2.83695
1.42075775e+09 2.84181
1.42076175e+09 2.84126
1.42076575e+09 2.82427
1.42076975e+09 2.81832
1.42077375e+09 2.81969
1.42077775e+09 2.81889
1.42078175e+09 2.7982
1.42078575e+09 2.82608
1.42078975e+09 2.80427
1.42079375e+09 2.77347
1.42079775e+09 2.78886
1.42080175e+09 2.77784
1.42080575e+09 2.77471
1.42080975e+09 2.76208
1.42081375e+09 2.75657
1.42081775e+09 2.74451
1.42082175e+09 2.72516
1.42082575e+09 2.74454
1.42082975e+09 2.73641
1.42083375e+09 2.74513
1.42083775e+09 2.7335
1.42084175e+09 2.74674
1.42084575e+09 2.74925
1.42084975e+09 2.74371
1.42085375e+09 2.72469
1.42085775e+09 2.72932
1.42086175e+09 2.73148
1.42086575e+09 2.74635
1.42086975e+09 2.73765
1.42087375e+09 2.71526
1.42087775e+09 2.73055
1.42088175e+09 2.71673
1.42088575e+09 2.71884
1.42088975e+09 2.71695
1.42089375e+09 2.70123
1.42089775e+09 2.70863
1.42090175e+09 2.72189
1.42090575e+09 2.71549
1.42090975e+09 2.70969
1.42091375e+09 2.7113
1.42091775e+09 2.72733
1.42092175e+09 2.73466
1.42092575e+09 2.71938
1.42092975e+09 2.70833
1.42093375e+09 2.71096
1.42093775e+09 2.70289
1.42094175e+09 2.69642
1.42094575e+09 2.68689
1.42094975e+09 2.64766
1.42095375e+09 2.67526
1.42095775e+09 2.70147
1.42096175e+09 2.71818
1.42096575e+09 2.70344
1.42096975e+09 2.69456
1.42097375e+09 2.69942
1.42097775e+09 2.68319
1.42098175e+09 2.6817
1.42098575e+09 2.67966
1.42098975e+09 2.71092
1.42099375e+09 2.72241
1.42099775e+09 2.7124
1.42100175e+09 2.71388
1.42100575e+09 2.70468
1.42100975e+09 2.70688
1.42101375e+09 2.69824
1.42101775e+09 2.70328
1.42102175e+09 2.70516
1.42102575e+09 2.69407
1.42102975e+09 2.71078
1.42103375e+09 2.70563
1.42103775e+09 2.71279
1.42104175e+09 2.72323
1.42104575e+09 2.72123
1.42104975e+09 2.75354
1.42105375e+09 2.70977
1.42105775e+09 2.73009
1.42106175e+09 2.72037
1.42106575e+09 2.7081
1.42106975e+09 2.72663
1.42107375e+09 2.74029
1.42107775e+09 2.73726
1.42108175e+09 2.72634
1.42108575e+09 2.72041
1.42108975e+09 2.71022
1.42109375e+09 2.71946
1.42109775e+09 2.72562
1.42110175e+09 2.72944
1.42110575e+09 2.71656
1.42110975e+09 2.72723
1.42111375e+09 2.71158
1.42111775e+09 2.71487
1.42112175e+09 2.73177
1.42112575e+09 2.73243
1.42112975e+09 2.72683
1.42113375e+09 2.70818
1.42113775e+09 2.72383
1.42114175e+09 2.72511
1.42114575e+09 2.71334
1.42114975e+09 2.72915
1.42115375e+09 2.72377
1.42115775e+09 2.72202
1.42116175e+09 2.7114
1.42116575e+09 2.73509
1.42116975e+09 2.72767
1.42117375e+09 2.73169
1.42117775e+09 2.72085
1.42118175e+09 2.7185
1.42118575e+09 2.72595
1.42118975e+09 2.72836
1.42119375e+09 2.74506
1.42119775e+09 2.72555
1.42120175e+09 2.73351
1.42120575e+09 2.72579
1.42120975e+09 2.72519
1.42121375e+09 2.73866
1.42121775e+09 2.72601
1.42122175e+09 2.73951
1.42122575e+09 2.72766
1.42122975e+09 2.72307
1.42123375e+09 2.72817
1.42123775e+09 2.73829
1.42124175e+09 2.72132
1.42124575e+09 2.72782
1.42124975e+09 2.73951
1.42125375e+09 2.73902
1.42125775e+09 2.70405
1.42126175e+09 2.73372
1.42126575e+09 2.71615
1.42126975e+09 2.70533
1.42127375e+09 2.71506
1.42127775e+09 2.72582
1.42128175e+09 2.70306
1.42128575e+09 2.71076
1.42128975e+09 2.69978
1.42129375e+09 2.7082
1.42129775e+09 2.68614
1.42130175e+09 2.68781
1.42130575e+09 2.70432
1.42130975e+09 2.68864
1.42131375e+09 2.6748
1.42131775e+09 2.70059
1.42132175e+09 2.67699
1.42132575e+09 2.67576
1.42132975e+09 2.64711
1.42133375e+09 2.67534
1.42133775e+09 2.65711
1.42134175e+09 2.66849
1.42134575e+09 2.66235
1.42134975e+09 2.65138
1.42135375e+09 2.6267
1.42135775e+09 2.62879
1.42136175e+09 2.63563
1.42136575e+09 2.6128
1.42136975e+09 2.62111
1.42137375e+09 2.61326
1.42137775e+09 2.61483
1.42138175e+09 2.5934
1.42138575e+09 2.58997
1.42138975e+09 2.58762
1.42139375e+09 2.5613
1.42139775e+09 2.55147
1.42140175e+09 2.55002


