# rtl-power-fftw output
# galactisch: 060
# antenne: 203-60
# dark: dark20170829153246
# data: A060_20170919201651
# -b: 500
# -t: 150
# -g: 300
# -p: 0
# Acquisition start: 2017-09-19 20:16:52 UTC
# Acquisition end: 2017-09-19 20:19:23 UTC
#
# frequency [Hz] power spectral density [dB/Hz]
1.41940575e+09 2.59466
1.41940975e+09 2.56089
1.41941375e+09 2.57652
1.41941775e+09 2.57571
1.41942175e+09 2.56401
1.41942575e+09 2.55962
1.41942975e+09 2.55462
1.41943375e+09 2.53958
1.41943775e+09 2.52361
1.41944175e+09 2.51696
1.41944575e+09 2.50002
1.41944975e+09 2.48992
1.41945375e+09 2.4819
1.41945775e+09 2.46176
1.41946175e+09 2.4466
1.41946575e+09 2.43221
1.41946975e+09 2.43247
1.41947375e+09 2.41818
1.41947775e+09 2.41926
1.41948175e+09 2.40617
1.41948575e+09 2.37614
1.41948975e+09 2.36394
1.41949375e+09 2.36336
1.41949775e+09 2.33471
1.41950175e+09 2.34361
1.41950575e+09 2.36308
1.41950975e+09 2.3344
1.41951375e+09 2.31511
1.41951775e+09 2.3083
1.41952175e+09 2.29514
1.41952575e+09 2.297
1.41952975e+09 2.30476
1.41953375e+09 2.29033
1.41953775e+09 2.28204
1.41954175e+09 2.28566
1.41954575e+09 2.29092
1.41954975e+09 2.27802
1.41955375e+09 2.28844
1.41955775e+09 2.28235
1.41956175e+09 2.28796
1.41956575e+09 2.29599
1.41956975e+09 2.27986
1.41957375e+09 2.2886
1.41957775e+09 2.28589
1.41958175e+09 2.29107
1.41958575e+09 2.28125
1.41958975e+09 2.27981
1.41959375e+09 2.27682
1.41959775e+09 2.28378
1.41960175e+09 2.26233
1.41960575e+09 2.28791
1.41960975e+09 2.27526
1.41961375e+09 2.29182
1.41961775e+09 2.27658
1.41962175e+09 2.29277
1.41962575e+09 2.30531
1.41962975e+09 2.30603
1.41963375e+09 2.30574
1.41963775e+09 2.29612
1.41964175e+09 2.29404
1.41964575e+09 2.30247
1.41964975e+09 2.30916
1.41965375e+09 2.31979
1.41965775e+09 2.30439
1.41966175e+09 2.31484
1.41966575e+09 2.32492
1.41966975e+09 2.2963
1.41967375e+09 2.31674
1.41967775e+09 2.31903
1.41968175e+09 2.33358
1.41968575e+09 2.3281
1.41968975e+09 2.34665
1.41969375e+09 2.33586
1.41969775e+09 2.35531
1.41970175e+09 2.35356
1.41970575e+09 2.34658
1.41970975e+09 2.3381
1.41971375e+09 2.34135
1.41971775e+09 2.34202
1.41972175e+09 2.33773
1.41972575e+09 2.34812
1.41972975e+09 2.34781
1.41973375e+09 2.34664
1.41973775e+09 2.337
1.41974175e+09 2.3549
1.41974575e+09 2.36169
1.41974975e+09 2.33207
1.41975375e+09 2.33563
1.41975775e+09 2.34802
1.41976175e+09 2.34078
1.41976575e+09 2.34344
1.41976975e+09 2.36293
1.41977375e+09 2.35701
1.41977775e+09 2.3511
1.41978175e+09 2.36892
1.41978575e+09 2.36797
1.41978975e+09 2.36297
1.41979375e+09 2.37447
1.41979775e+09 2.36856
1.41980175e+09 2.3724
1.41980575e+09 2.37093
1.41980975e+09 2.3677
1.41981375e+09 2.39136
1.41981775e+09 2.38815
1.41982175e+09 2.38113
1.41982575e+09 2.39079
1.41982975e+09 2.39007
1.41983375e+09 2.37392
1.41983775e+09 2.38185
1.41984175e+09 2.37731
1.41984575e+09 2.39815
1.41984975e+09 2.38689
1.41985375e+09 2.39459
1.41985775e+09 2.3953
1.41986175e+09 2.40308
1.41986575e+09 2.40386
1.41986975e+09 2.39546
1.41987375e+09 2.4055
1.41987775e+09 2.40383
1.41988175e+09 2.4058
1.41988575e+09 2.40243
1.41988975e+09 2.41241
1.41989375e+09 2.40318
1.41989775e+09 2.4199
1.41990175e+09 2.39096
1.41990575e+09 2.38896
1.41990975e+09 2.40823
1.41991375e+09 2.42544
1.41991775e+09 2.41769
1.41992175e+09 2.41972
1.41992575e+09 2.4216
1.41992975e+09 2.42283
1.41993375e+09 2.42766
1.41993775e+09 2.4219
1.41994175e+09 2.4294
1.41994575e+09 2.40831
1.41994975e+09 2.4247
1.41995375e+09 2.43038
1.41995775e+09 2.44715
1.41996175e+09 2.43757
1.41996575e+09 2.438
1.41996975e+09 2.44151
1.41997375e+09 2.44044
1.41997775e+09 2.44095
1.41998175e+09 2.44143
1.41998575e+09 2.44369
1.41998975e+09 2.45101
1.41999375e+09 2.45347
1.41999775e+09 2.45545
1.42000175e+09 2.45749
1.42000575e+09 2.46719
1.42000975e+09 2.4562
1.42001375e+09 2.4541
1.42001775e+09 2.45173
1.42002175e+09 2.433
1.42002575e+09 2.46156
1.42002975e+09 2.46246
1.42003375e+09 2.46377
1.42003775e+09 2.46437
1.42004175e+09 2.4852
1.42004575e+09 2.48183
1.42004975e+09 2.48318
1.42005375e+09 2.46196
1.42005775e+09 2.46592
1.42006175e+09 2.47419
1.42006575e+09 2.46378
1.42006975e+09 2.47709
1.42007375e+09 2.49137
1.42007775e+09 2.49434
1.42008175e+09 2.49674
1.42008575e+09 2.49373
1.42008975e+09 2.50364
1.42009375e+09 2.51458
1.42009775e+09 2.50689
1.42010175e+09 2.51355
1.42010575e+09 2.5238
1.42010975e+09 2.5181
1.42011375e+09 2.51831
1.42011775e+09 2.53367
1.42012175e+09 2.5637
1.42012575e+09 2.52939
1.42012975e+09 2.51356
1.42013375e+09 2.52258
1.42013775e+09 2.53591
1.42014175e+09 2.53338
1.42014575e+09 2.514
1.42014975e+09 2.47979
1.42015375e+09 2.38122
1.42015775e+09 2.55157
1.42016175e+09 2.5701
1.42016575e+09 2.56196
1.42016975e+09 2.56149
1.42017375e+09 2.58625
1.42017775e+09 2.58348
1.42018175e+09 2.58373
1.42018575e+09 2.57956
1.42018975e+09 2.58857
1.42019375e+09 2.58079
1.42019775e+09 2.59841
1.42020175e+09 2.60372
1.42020575e+09 2.60757
1.42020975e+09 2.63314
1.42021375e+09 2.62188
1.42021775e+09 2.64828
1.42022175e+09 2.64687
1.42022575e+09 2.66723
1.42022975e+09 2.73123
1.42023375e+09 2.68219
1.42023775e+09 2.69035
1.42024175e+09 2.69805
1.42024575e+09 2.70302
1.42024975e+09 2.96526
1.42025375e+09 2.71744
1.42025775e+09 2.72633
1.42026175e+09 2.75955
1.42026575e+09 2.75698
1.42026975e+09 2.77289
1.42027375e+09 2.78162
1.42027775e+09 2.83086
1.42028175e+09 2.85035
1.42028575e+09 2.87207
1.42028975e+09 2.91119
1.42029375e+09 2.93821
1.42029775e+09 2.93198
1.42030175e+09 2.96683
1.42030575e+09 2.98992
1.42030975e+09 3.01216
1.42031375e+09 3.02693
1.42031775e+09 3.0452
1.42032175e+09 3.04185
1.42032575e+09 3.08024
1.42032975e+09 3.1151
1.42033375e+09 3.12506
1.42033775e+09 3.1445
1.42034175e+09 3.17928
1.42034575e+09 3.19553
1.42034975e+09 3.21991
1.42035375e+09 3.24857
1.42035775e+09 3.27103
1.42036175e+09 3.29262
1.42036575e+09 3.30996
1.42036975e+09 3.3337
1.42037375e+09 3.31567
1.42037775e+09 3.32583
1.42038175e+09 3.3239
1.42038575e+09 3.30125
1.42038975e+09 3.28361
1.42039375e+09 3.23907
1.42039775e+09 3.20933
1.42040175e+09 3.17884
1.42040575e+09 3.14662
1.42040975e+09 3.11423
1.42041375e+09 3.08596
1.42041775e+09 3.04909
1.42042175e+09 3.02132
1.42042575e+09 2.98192
1.42042975e+09 2.97237
1.42043375e+09 2.94678
1.42043775e+09 2.91658
1.42044175e+09 2.9158
1.42044575e+09 2.89511
1.42044975e+09 2.87971
1.42045375e+09 2.88545
1.42045775e+09 2.86899
1.42046175e+09 2.8522
1.42046575e+09 2.8623
1.42046975e+09 2.85821
1.42047375e+09 2.8341
1.42047775e+09 2.84254
1.42048175e+09 2.84045
1.42048575e+09 2.81993
1.42048975e+09 2.82322
1.42049375e+09 2.82106
1.42049775e+09 2.81182
1.42050175e+09 2.80532
1.42050575e+09 2.81092
1.42050975e+09 2.797
1.42051375e+09 2.77602
1.42051775e+09 2.78824
1.42052175e+09 2.7615
1.42052575e+09 2.7637
1.42052975e+09 2.75196
1.42053375e+09 2.76413
1.42053775e+09 2.74855
1.42054175e+09 2.7442
1.42054575e+09 2.73229
1.42054975e+09 2.74368
1.42055375e+09 2.74676
1.42055775e+09 2.73213
1.42056175e+09 2.73962
1.42056575e+09 2.73601
1.42056975e+09 2.73515
1.42057375e+09 2.74832
1.42057775e+09 2.72777
1.42058175e+09 2.73225
1.42058575e+09 2.74114
1.42058975e+09 2.72358
1.42059375e+09 2.72541
1.42059775e+09 2.72932
1.42060175e+09 2.73707
1.42060575e+09 2.74429
1.42060975e+09 2.75484
1.42061375e+09 2.7674
1.42061775e+09 2.76101
1.42062175e+09 2.75824
1.42062575e+09 2.75833
1.42062975e+09 2.78243
1.42063375e+09 2.76983
1.42063775e+09 2.7949
1.42064175e+09 2.79793
1.42064575e+09 2.80355
1.42064975e+09 2.81929
1.42065375e+09 2.82155
1.42065775e+09 2.84342
1.42066175e+09 2.83293
1.42066575e+09 2.84193
1.42066975e+09 2.87022
1.42067375e+09 2.85029
1.42067775e+09 2.8684
1.42068175e+09 2.86533
1.42068575e+09 2.88653
1.42068975e+09 2.88879
1.42069375e+09 2.89669
1.42069775e+09 2.92732
1.42070175e+09 2.94513
1.42070575e+09 2.93821
1.42070975e+09 2.93678
1.42071375e+09 2.95294
1.42071775e+09 2.96452
1.42072175e+09 2.97334
1.42072575e+09 2.98588
1.42072975e+09 2.98162
1.42073375e+09 2.98484
1.42073775e+09 2.98514
1.42074175e+09 2.98248
1.42074575e+09 2.98827
1.42074975e+09 2.97311
1.42075375e+09 2.9668
1.42075775e+09 2.99153
1.42076175e+09 2.96986
1.42076575e+09 2.96647
1.42076975e+09 2.94056
1.42077375e+09 2.95328
1.42077775e+09 2.92198
1.42078175e+09 2.91258
1.42078575e+09 2.91617
1.42078975e+09 2.90264
1.42079375e+09 2.88343
1.42079775e+09 2.87571
1.42080175e+09 2.88441
1.42080575e+09 2.87056
1.42080975e+09 2.86477
1.42081375e+09 2.85467
1.42081775e+09 2.83837
1.42082175e+09 2.81483
1.42082575e+09 2.83736
1.42082975e+09 2.82411
1.42083375e+09 2.83703
1.42083775e+09 2.81733
1.42084175e+09 2.82092
1.42084575e+09 2.81693
1.42084975e+09 2.82257
1.42085375e+09 2.80698
1.42085775e+09 2.80213
1.42086175e+09 2.80064
1.42086575e+09 2.813
1.42086975e+09 2.81496
1.42087375e+09 2.79412
1.42087775e+09 2.79464
1.42088175e+09 2.79774
1.42088575e+09 2.80489
1.42088975e+09 2.79977
1.42089375e+09 2.78682
1.42089775e+09 2.78607
1.42090175e+09 2.79453
1.42090575e+09 2.8069
1.42090975e+09 2.79781
1.42091375e+09 2.79817
1.42091775e+09 2.79512
1.42092175e+09 2.81729
1.42092575e+09 2.79047
1.42092975e+09 2.79874
1.42093375e+09 2.80186
1.42093775e+09 2.76126
1.42094175e+09 2.77745
1.42094575e+09 2.76208
1.42094975e+09 2.7459
1.42095375e+09 2.75987
1.42095775e+09 2.76801
1.42096175e+09 2.77113
1.42096575e+09 2.76942
1.42096975e+09 2.7586
1.42097375e+09 2.76752
1.42097775e+09 2.75055
1.42098175e+09 2.737
1.42098575e+09 2.74952
1.42098975e+09 2.76342
1.42099375e+09 2.78315
1.42099775e+09 2.76771
1.42100175e+09 2.76197
1.42100575e+09 2.76004
1.42100975e+09 2.76998
1.42101375e+09 2.76007
1.42101775e+09 2.76979
1.42102175e+09 2.76632
1.42102575e+09 2.77302
1.42102975e+09 2.76524
1.42103375e+09 2.76472
1.42103775e+09 2.74503
1.42104175e+09 2.76765
1.42104575e+09 2.76957
1.42104975e+09 2.78609
1.42105375e+09 2.76649
1.42105775e+09 2.77732
1.42106175e+09 2.76766
1.42106575e+09 2.76298
1.42106975e+09 2.77725
1.42107375e+09 2.79815
1.42107775e+09 2.79422
1.42108175e+09 2.78853
1.42108575e+09 2.77601
1.42108975e+09 2.77179
1.42109375e+09 2.76363
1.42109775e+09 2.77805
1.42110175e+09 2.77209
1.42110575e+09 2.76806
1.42110975e+09 2.77483
1.42111375e+09 2.75592
1.42111775e+09 2.76022
1.42112175e+09 2.77658
1.42112575e+09 2.77992
1.42112975e+09 2.76569
1.42113375e+09 2.77023
1.42113775e+09 2.77333
1.42114175e+09 2.77127
1.42114575e+09 2.77312
1.42114975e+09 2.78112
1.42115375e+09 2.75901
1.42115775e+09 2.76295
1.42116175e+09 2.77105
1.42116575e+09 2.77778
1.42116975e+09 2.76558
1.42117375e+09 2.76096
1.42117775e+09 2.77268
1.42118175e+09 2.75966
1.42118575e+09 2.7716
1.42118975e+09 2.76069
1.42119375e+09 2.76841
1.42119775e+09 2.76503
1.42120175e+09 2.78644
1.42120575e+09 2.77304
1.42120975e+09 2.77244
1.42121375e+09 2.7756
1.42121775e+09 2.76726
1.42122175e+09 2.77753
1.42122575e+09 2.77572
1.42122975e+09 2.76465
1.42123375e+09 2.75833
1.42123775e+09 2.76403
1.42124175e+09 2.76619
1.42124575e+09 2.75939
1.42124975e+09 2.78426
1.42125375e+09 2.78535
1.42125775e+09 2.75316
1.42126175e+09 2.75945
1.42126575e+09 2.75792
1.42126975e+09 2.74895
1.42127375e+09 2.75932
1.42127775e+09 2.76614
1.42128175e+09 2.75958
1.42128575e+09 2.74422
1.42128975e+09 2.73331
1.42129375e+09 2.73788
1.42129775e+09 2.7379
1.42130175e+09 2.73427
1.42130575e+09 2.73629
1.42130975e+09 2.72961
1.42131375e+09 2.71652
1.42131775e+09 2.73009
1.42132175e+09 2.72939
1.42132575e+09 2.71162
1.42132975e+09 2.68861
1.42133375e+09 2.71844
1.42133775e+09 2.69825
1.42134175e+09 2.70622
1.42134575e+09 2.69553
1.42134975e+09 2.69329
1.42135375e+09 2.67856
1.42135775e+09 2.67959
1.42136175e+09 2.66331
1.42136575e+09 2.64847
1.42136975e+09 2.65861
1.42137375e+09 2.66868
1.42137775e+09 2.66344
1.42138175e+09 2.64849
1.42138575e+09 2.65698
1.42138975e+09 2.63741
1.42139375e+09 2.62054
1.42139775e+09 2.61403
1.42140175e+09 2.61425


