# rtl-power-fftw output
# galactisch: 064
# antenne: 203-64
# dark: dark20170829153246
# data: A064_20170919202104
# -b: 500
# -t: 150
# -g: 300
# -p: 0
# Acquisition start: 2017-09-19 20:21:05 UTC
# Acquisition end: 2017-09-19 20:23:36 UTC
#
# frequency [Hz] power spectral density [dB/Hz]
1.41940575e+09 2.50965
1.41940975e+09 2.48738
1.41941375e+09 2.49927
1.41941775e+09 2.5137
1.41942175e+09 2.4871
1.41942575e+09 2.48779
1.41942975e+09 2.48492
1.41943375e+09 2.47064
1.41943775e+09 2.4492
1.41944175e+09 2.43629
1.41944575e+09 2.43821
1.41944975e+09 2.42165
1.41945375e+09 2.43596
1.41945775e+09 2.42349
1.41946175e+09 2.39159
1.41946575e+09 2.37909
1.41946975e+09 2.39032
1.41947375e+09 2.36007
1.41947775e+09 2.36261
1.41948175e+09 2.35471
1.41948575e+09 2.33654
1.41948975e+09 2.33057
1.41949375e+09 2.32701
1.41949775e+09 2.30997
1.41950175e+09 2.29276
1.41950575e+09 2.30206
1.41950975e+09 2.28586
1.41951375e+09 2.28196
1.41951775e+09 2.27387
1.41952175e+09 2.26845
1.41952575e+09 2.27639
1.41952975e+09 2.27626
1.41953375e+09 2.25919
1.41953775e+09 2.25699
1.41954175e+09 2.26364
1.41954575e+09 2.24749
1.41954975e+09 2.25939
1.41955375e+09 2.2638
1.41955775e+09 2.263
1.41956175e+09 2.26316
1.41956575e+09 2.26898
1.41956975e+09 2.24029
1.41957375e+09 2.26078
1.41957775e+09 2.25886
1.41958175e+09 2.26991
1.41958575e+09 2.256
1.41958975e+09 2.25872
1.41959375e+09 2.25242
1.41959775e+09 2.24678
1.41960175e+09 2.2482
1.41960575e+09 2.2682
1.41960975e+09 2.2423
1.41961375e+09 2.27164
1.41961775e+09 2.26129
1.41962175e+09 2.27042
1.41962575e+09 2.27401
1.41962975e+09 2.28627
1.41963375e+09 2.27311
1.41963775e+09 2.27222
1.41964175e+09 2.2799
1.41964575e+09 2.28371
1.41964975e+09 2.28394
1.41965375e+09 2.29218
1.41965775e+09 2.29196
1.41966175e+09 2.28412
1.41966575e+09 2.3013
1.41966975e+09 2.27972
1.41967375e+09 2.29445
1.41967775e+09 2.28563
1.41968175e+09 2.31236
1.41968575e+09 2.30859
1.41968975e+09 2.31398
1.41969375e+09 2.32239
1.41969775e+09 2.30619
1.41970175e+09 2.31281
1.41970575e+09 2.31476
1.41970975e+09 2.3024
1.41971375e+09 2.30823
1.41971775e+09 2.3103
1.41972175e+09 2.31275
1.41972575e+09 2.33695
1.41972975e+09 2.3096
1.41973375e+09 2.32609
1.41973775e+09 2.29683
1.41974175e+09 2.31857
1.41974575e+09 2.32215
1.41974975e+09 2.30988
1.41975375e+09 2.30525
1.41975775e+09 2.32336
1.41976175e+09 2.31748
1.41976575e+09 2.31275
1.41976975e+09 2.33553
1.41977375e+09 2.31856
1.41977775e+09 2.3114
1.41978175e+09 2.34777
1.41978575e+09 2.33247
1.41978975e+09 2.34087
1.41979375e+09 2.34095
1.41979775e+09 2.34532
1.41980175e+09 2.33719
1.41980575e+09 2.33458
1.41980975e+09 2.33445
1.41981375e+09 2.34705
1.41981775e+09 2.35403
1.41982175e+09 2.34629
1.41982575e+09 2.3504
1.41982975e+09 2.36615
1.41983375e+09 2.34818
1.41983775e+09 2.34425
1.41984175e+09 2.35503
1.41984575e+09 2.36858
1.41984975e+09 2.36069
1.41985375e+09 2.34882
1.41985775e+09 2.36542
1.41986175e+09 2.36769
1.41986575e+09 2.37623
1.41986975e+09 2.35839
1.41987375e+09 2.3605
1.41987775e+09 2.37634
1.41988175e+09 2.36414
1.41988575e+09 2.37232
1.41988975e+09 2.37353
1.41989375e+09 2.36813
1.41989775e+09 2.37821
1.41990175e+09 2.3687
1.41990575e+09 2.35815
1.41990975e+09 2.37733
1.41991375e+09 2.38495
1.41991775e+09 2.38497
1.41992175e+09 2.38126
1.41992575e+09 2.3911
1.41992975e+09 2.39714
1.41993375e+09 2.38571
1.41993775e+09 2.38592
1.41994175e+09 2.39078
1.41994575e+09 2.37965
1.41994975e+09 2.38866
1.41995375e+09 2.37948
1.41995775e+09 2.4164
1.41996175e+09 2.40459
1.41996575e+09 2.39679
1.41996975e+09 2.40596
1.41997375e+09 2.41499
1.41997775e+09 2.40496
1.41998175e+09 2.39893
1.41998575e+09 2.41692
1.41998975e+09 2.41808
1.41999375e+09 2.41027
1.41999775e+09 2.42475
1.42000175e+09 2.41997
1.42000575e+09 2.43386
1.42000975e+09 2.41677
1.42001375e+09 2.42255
1.42001775e+09 2.41478
1.42002175e+09 2.40006
1.42002575e+09 2.42311
1.42002975e+09 2.4137
1.42003375e+09 2.43548
1.42003775e+09 2.4222
1.42004175e+09 2.44023
1.42004575e+09 2.44582
1.42004975e+09 2.43998
1.42005375e+09 2.42529
1.42005775e+09 2.42029
1.42006175e+09 2.42436
1.42006575e+09 2.41455
1.42006975e+09 2.43629
1.42007375e+09 2.44727
1.42007775e+09 2.43847
1.42008175e+09 2.45263
1.42008575e+09 2.43701
1.42008975e+09 2.45275
1.42009375e+09 2.46281
1.42009775e+09 2.4673
1.42010175e+09 2.45154
1.42010575e+09 2.47582
1.42010975e+09 2.469
1.42011375e+09 2.47056
1.42011775e+09 2.46686
1.42012175e+09 2.48601
1.42012575e+09 2.48174
1.42012975e+09 2.45762
1.42013375e+09 2.46173
1.42013775e+09 2.4753
1.42014175e+09 2.47724
1.42014575e+09 2.45923
1.42014975e+09 2.4163
1.42015375e+09 2.3149
1.42015775e+09 2.48454
1.42016175e+09 2.49876
1.42016575e+09 2.48717
1.42016975e+09 2.48301
1.42017375e+09 2.49915
1.42017775e+09 2.49713
1.42018175e+09 2.50537
1.42018575e+09 2.49284
1.42018975e+09 2.49832
1.42019375e+09 2.49882
1.42019775e+09 2.49193
1.42020175e+09 2.50141
1.42020575e+09 2.49879
1.42020975e+09 2.50767
1.42021375e+09 2.49309
1.42021775e+09 2.50035
1.42022175e+09 2.49905
1.42022575e+09 2.50192
1.42022975e+09 2.56704
1.42023375e+09 2.50893
1.42023775e+09 2.50509
1.42024175e+09 2.50638
1.42024575e+09 2.49949
1.42024975e+09 2.66588
1.42025375e+09 2.51124
1.42025775e+09 2.52155
1.42026175e+09 2.5273
1.42026575e+09 2.52257
1.42026975e+09 2.53414
1.42027375e+09 2.5373
1.42027775e+09 2.57544
1.42028175e+09 2.59265
1.42028575e+09 2.62014
1.42028975e+09 2.65631
1.42029375e+09 2.67499
1.42029775e+09 2.6906
1.42030175e+09 2.74008
1.42030575e+09 2.75206
1.42030975e+09 2.7878
1.42031375e+09 2.811
1.42031775e+09 2.83491
1.42032175e+09 2.85781
1.42032575e+09 2.88434
1.42032975e+09 2.92099
1.42033375e+09 2.93362
1.42033775e+09 2.96604
1.42034175e+09 2.9918
1.42034575e+09 3.0185
1.42034975e+09 3.04873
1.42035375e+09 3.07961
1.42035775e+09 3.09323
1.42036175e+09 3.12637
1.42036575e+09 3.13168
1.42036975e+09 3.18111
1.42037375e+09 3.19484
1.42037775e+09 3.21519
1.42038175e+09 3.23378
1.42038575e+09 3.23914
1.42038975e+09 3.26261
1.42039375e+09 3.24324
1.42039775e+09 3.24214
1.42040175e+09 3.2328
1.42040575e+09 3.23017
1.42040975e+09 3.22763
1.42041375e+09 3.18668
1.42041775e+09 3.16166
1.42042175e+09 3.15105
1.42042575e+09 3.10804
1.42042975e+09 3.10396
1.42043375e+09 3.04756
1.42043775e+09 3.03563
1.42044175e+09 3.0089
1.42044575e+09 2.99612
1.42044975e+09 2.9574
1.42045375e+09 2.94117
1.42045775e+09 2.90736
1.42046175e+09 2.89978
1.42046575e+09 2.89459
1.42046975e+09 2.87437
1.42047375e+09 2.86489
1.42047775e+09 2.83933
1.42048175e+09 2.84612
1.42048575e+09 2.8192
1.42048975e+09 2.81289
1.42049375e+09 2.81161
1.42049775e+09 2.82226
1.42050175e+09 2.80412
1.42050575e+09 2.80236
1.42050975e+09 2.7918
1.42051375e+09 2.7708
1.42051775e+09 2.76936
1.42052175e+09 2.7529
1.42052575e+09 2.74875
1.42052975e+09 2.74612
1.42053375e+09 2.74824
1.42053775e+09 2.73895
1.42054175e+09 2.73169
1.42054575e+09 2.72629
1.42054975e+09 2.73753
1.42055375e+09 2.72779
1.42055775e+09 2.71329
1.42056175e+09 2.7171
1.42056575e+09 2.70985
1.42056975e+09 2.71067
1.42057375e+09 2.71256
1.42057775e+09 2.69273
1.42058175e+09 2.69499
1.42058575e+09 2.69566
1.42058975e+09 2.69347
1.42059375e+09 2.68516
1.42059775e+09 2.68723
1.42060175e+09 2.6828
1.42060575e+09 2.6899
1.42060975e+09 2.70652
1.42061375e+09 2.71467
1.42061775e+09 2.70811
1.42062175e+09 2.68488
1.42062575e+09 2.70441
1.42062975e+09 2.7212
1.42063375e+09 2.70652
1.42063775e+09 2.7213
1.42064175e+09 2.72071
1.42064575e+09 2.72297
1.42064975e+09 2.73326
1.42065375e+09 2.72018
1.42065775e+09 2.7437
1.42066175e+09 2.74425
1.42066575e+09 2.74921
1.42066975e+09 2.7718
1.42067375e+09 2.75583
1.42067775e+09 2.76628
1.42068175e+09 2.77749
1.42068575e+09 2.79177
1.42068975e+09 2.80945
1.42069375e+09 2.81755
1.42069775e+09 2.84478
1.42070175e+09 2.85256
1.42070575e+09 2.84674
1.42070975e+09 2.85615
1.42071375e+09 2.88738
1.42071775e+09 2.89844
1.42072175e+09 2.89907
1.42072575e+09 2.92546
1.42072975e+09 2.93796
1.42073375e+09 2.92179
1.42073775e+09 2.93821
1.42074175e+09 2.9335
1.42074575e+09 2.94201
1.42074975e+09 2.93789
1.42075375e+09 2.94123
1.42075775e+09 2.94251
1.42076175e+09 2.94691
1.42076575e+09 2.9237
1.42076975e+09 2.89694
1.42077375e+09 2.90845
1.42077775e+09 2.88701
1.42078175e+09 2.86275
1.42078575e+09 2.87957
1.42078975e+09 2.8542
1.42079375e+09 2.82981
1.42079775e+09 2.82566
1.42080175e+09 2.82215
1.42080575e+09 2.81025
1.42080975e+09 2.79342
1.42081375e+09 2.77972
1.42081775e+09 2.76745
1.42082175e+09 2.74479
1.42082575e+09 2.7609
1.42082975e+09 2.7429
1.42083375e+09 2.76863
1.42083775e+09 2.74102
1.42084175e+09 2.75662
1.42084575e+09 2.7485
1.42084975e+09 2.74631
1.42085375e+09 2.72614
1.42085775e+09 2.7197
1.42086175e+09 2.7368
1.42086575e+09 2.74578
1.42086975e+09 2.73451
1.42087375e+09 2.71322
1.42087775e+09 2.71928
1.42088175e+09 2.729
1.42088575e+09 2.7424
1.42088975e+09 2.72215
1.42089375e+09 2.71095
1.42089775e+09 2.72842
1.42090175e+09 2.73374
1.42090575e+09 2.73952
1.42090975e+09 2.71908
1.42091375e+09 2.72815
1.42091775e+09 2.73355
1.42092175e+09 2.74697
1.42092575e+09 2.7321
1.42092975e+09 2.74115
1.42093375e+09 2.74126
1.42093775e+09 2.71955
1.42094175e+09 2.7259
1.42094575e+09 2.70162
1.42094975e+09 2.67399
1.42095375e+09 2.69352
1.42095775e+09 2.69709
1.42096175e+09 2.70336
1.42096575e+09 2.69819
1.42096975e+09 2.69116
1.42097375e+09 2.67856
1.42097775e+09 2.67396
1.42098175e+09 2.67021
1.42098575e+09 2.6636
1.42098975e+09 2.69871
1.42099375e+09 2.68431
1.42099775e+09 2.67626
1.42100175e+09 2.68519
1.42100575e+09 2.67651
1.42100975e+09 2.67589
1.42101375e+09 2.67614
1.42101775e+09 2.66808
1.42102175e+09 2.66763
1.42102575e+09 2.6683
1.42102975e+09 2.68499
1.42103375e+09 2.67718
1.42103775e+09 2.67579
1.42104175e+09 2.68733
1.42104575e+09 2.67857
1.42104975e+09 2.68437
1.42105375e+09 2.68906
1.42105775e+09 2.68966
1.42106175e+09 2.67972
1.42106575e+09 2.68118
1.42106975e+09 2.68647
1.42107375e+09 2.68612
1.42107775e+09 2.69688
1.42108175e+09 2.68003
1.42108575e+09 2.68607
1.42108975e+09 2.67555
1.42109375e+09 2.68508
1.42109775e+09 2.68716
1.42110175e+09 2.67338
1.42110575e+09 2.67704
1.42110975e+09 2.68938
1.42111375e+09 2.65701
1.42111775e+09 2.67206
1.42112175e+09 2.67519
1.42112575e+09 2.67951
1.42112975e+09 2.66893
1.42113375e+09 2.66778
1.42113775e+09 2.68585
1.42114175e+09 2.67297
1.42114575e+09 2.66952
1.42114975e+09 2.68784
1.42115375e+09 2.67605
1.42115775e+09 2.67067
1.42116175e+09 2.67597
1.42116575e+09 2.67582
1.42116975e+09 2.67099
1.42117375e+09 2.66768
1.42117775e+09 2.67277
1.42118175e+09 2.67299
1.42118575e+09 2.67003
1.42118975e+09 2.66096
1.42119375e+09 2.66318
1.42119775e+09 2.67239
1.42120175e+09 2.6839
1.42120575e+09 2.66742
1.42120975e+09 2.67503
1.42121375e+09 2.66784
1.42121775e+09 2.66291
1.42122175e+09 2.67526
1.42122575e+09 2.68265
1.42122975e+09 2.68387
1.42123375e+09 2.67099
1.42123775e+09 2.66461
1.42124175e+09 2.67495
1.42124575e+09 2.6622
1.42124975e+09 2.6894
1.42125375e+09 2.68104
1.42125775e+09 2.64371
1.42126175e+09 2.66222
1.42126575e+09 2.66415
1.42126975e+09 2.6423
1.42127375e+09 2.66286
1.42127775e+09 2.66017
1.42128175e+09 2.64447
1.42128575e+09 2.64187
1.42128975e+09 2.63482
1.42129375e+09 2.64536
1.42129775e+09 2.64169
1.42130175e+09 2.62163
1.42130575e+09 2.64768
1.42130975e+09 2.632
1.42131375e+09 2.61691
1.42131775e+09 2.62983
1.42132175e+09 2.6253
1.42132575e+09 2.61355
1.42132975e+09 2.61611
1.42133375e+09 2.6072
1.42133775e+09 2.607
1.42134175e+09 2.61286
1.42134575e+09 2.60027
1.42134975e+09 2.60374
1.42135375e+09 2.58848
1.42135775e+09 2.57591
1.42136175e+09 2.58349
1.42136575e+09 2.57572
1.42136975e+09 2.56149
1.42137375e+09 2.58245
1.42137775e+09 2.55709
1.42138175e+09 2.55158
1.42138575e+09 2.55487
1.42138975e+09 2.56169
1.42139375e+09 2.53685
1.42139775e+09 2.53211
1.42140175e+09 2.53036


