# rtl-power-fftw output
# galactisch: 068
# antenne: 202-67
# dark: dark20170829153246
# data: A068_20170919202617
# -b: 500
# -t: 150
# -g: 300
# -p: 0
# Acquisition start: 2017-09-19 20:26:18 UTC
# Acquisition end: 2017-09-19 20:28:50 UTC
#
# frequency [Hz] power spectral density [dB/Hz]
1.41940575e+09 2.48407
1.41940975e+09 2.45654
1.41941375e+09 2.47168
1.41941775e+09 2.47456
1.41942175e+09 2.46208
1.41942575e+09 2.46036
1.41942975e+09 2.46053
1.41943375e+09 2.44031
1.41943775e+09 2.4202
1.41944175e+09 2.41131
1.41944575e+09 2.40975
1.41944975e+09 2.39134
1.41945375e+09 2.38893
1.41945775e+09 2.37944
1.41946175e+09 2.37709
1.41946575e+09 2.35852
1.41946975e+09 2.36376
1.41947375e+09 2.3391
1.41947775e+09 2.34309
1.41948175e+09 2.32099
1.41948575e+09 2.32318
1.41948975e+09 2.30669
1.41949375e+09 2.29837
1.41949775e+09 2.30191
1.41950175e+09 2.2737
1.41950575e+09 2.2944
1.41950975e+09 2.27673
1.41951375e+09 2.2568
1.41951775e+09 2.26238
1.41952175e+09 2.24795
1.41952575e+09 2.25795
1.41952975e+09 2.25091
1.41953375e+09 2.23399
1.41953775e+09 2.23625
1.41954175e+09 2.24338
1.41954575e+09 2.21252
1.41954975e+09 2.23516
1.41955375e+09 2.23801
1.41955775e+09 2.22966
1.41956175e+09 2.23257
1.41956575e+09 2.23131
1.41956975e+09 2.22206
1.41957375e+09 2.23453
1.41957775e+09 2.24034
1.41958175e+09 2.2394
1.41958575e+09 2.23616
1.41958975e+09 2.24829
1.41959375e+09 2.22434
1.41959775e+09 2.22212
1.41960175e+09 2.21903
1.41960575e+09 2.23191
1.41960975e+09 2.2222
1.41961375e+09 2.25225
1.41961775e+09 2.23874
1.41962175e+09 2.24806
1.41962575e+09 2.24716
1.41962975e+09 2.25903
1.41963375e+09 2.25603
1.41963775e+09 2.24501
1.41964175e+09 2.26487
1.41964575e+09 2.26017
1.41964975e+09 2.25197
1.41965375e+09 2.27103
1.41965775e+09 2.25925
1.41966175e+09 2.26269
1.41966575e+09 2.25928
1.41966975e+09 2.25746
1.41967375e+09 2.26593
1.41967775e+09 2.26341
1.41968175e+09 2.27888
1.41968575e+09 2.2798
1.41968975e+09 2.29865
1.41969375e+09 2.29161
1.41969775e+09 2.2886
1.41970175e+09 2.28936
1.41970575e+09 2.2841
1.41970975e+09 2.2698
1.41971375e+09 2.29149
1.41971775e+09 2.28697
1.41972175e+09 2.28227
1.41972575e+09 2.29128
1.41972975e+09 2.28644
1.41973375e+09 2.28677
1.41973775e+09 2.27569
1.41974175e+09 2.29149
1.41974575e+09 2.30367
1.41974975e+09 2.29078
1.41975375e+09 2.28866
1.41975775e+09 2.2904
1.41976175e+09 2.28723
1.41976575e+09 2.28291
1.41976975e+09 2.30651
1.41977375e+09 2.2987
1.41977775e+09 2.29046
1.41978175e+09 2.30577
1.41978575e+09 2.30341
1.41978975e+09 2.31941
1.41979375e+09 2.30394
1.41979775e+09 2.31025
1.41980175e+09 2.31325
1.41980575e+09 2.29789
1.41980975e+09 2.31767
1.41981375e+09 2.32948
1.41981775e+09 2.32134
1.41982175e+09 2.31015
1.41982575e+09 2.31433
1.41982975e+09 2.33196
1.41983375e+09 2.30821
1.41983775e+09 2.3112
1.41984175e+09 2.31622
1.41984575e+09 2.34103
1.41984975e+09 2.32793
1.41985375e+09 2.33604
1.41985775e+09 2.33695
1.41986175e+09 2.3348
1.41986575e+09 2.35357
1.41986975e+09 2.33819
1.41987375e+09 2.3392
1.41987775e+09 2.35672
1.41988175e+09 2.33589
1.41988575e+09 2.33842
1.41988975e+09 2.34863
1.41989375e+09 2.34419
1.41989775e+09 2.34291
1.41990175e+09 2.32951
1.41990575e+09 2.33455
1.41990975e+09 2.33746
1.41991375e+09 2.36155
1.41991775e+09 2.3575
1.41992175e+09 2.34462
1.41992575e+09 2.35656
1.41992975e+09 2.34963
1.41993375e+09 2.35465
1.41993775e+09 2.35635
1.41994175e+09 2.36029
1.41994575e+09 2.34667
1.41994975e+09 2.35528
1.41995375e+09 2.35346
1.41995775e+09 2.37804
1.41996175e+09 2.37118
1.41996575e+09 2.37239
1.41996975e+09 2.36911
1.41997375e+09 2.38902
1.41997775e+09 2.37056
1.41998175e+09 2.37395
1.41998575e+09 2.37049
1.41998975e+09 2.37628
1.41999375e+09 2.38429
1.41999775e+09 2.39153
1.42000175e+09 2.37995
1.42000575e+09 2.39009
1.42000975e+09 2.37782
1.42001375e+09 2.38362
1.42001775e+09 2.37711
1.42002175e+09 2.36191
1.42002575e+09 2.38062
1.42002975e+09 2.38463
1.42003375e+09 2.39621
1.42003775e+09 2.39096
1.42004175e+09 2.39164
1.42004575e+09 2.40411
1.42004975e+09 2.39271
1.42005375e+09 2.38812
1.42005775e+09 2.37381
1.42006175e+09 2.38623
1.42006575e+09 2.38123
1.42006975e+09 2.39921
1.42007375e+09 2.39653
1.42007775e+09 2.39554
1.42008175e+09 2.40008
1.42008575e+09 2.40595
1.42008975e+09 2.41017
1.42009375e+09 2.41972
1.42009775e+09 2.41693
1.42010175e+09 2.4246
1.42010575e+09 2.43356
1.42010975e+09 2.4079
1.42011375e+09 2.42743
1.42011775e+09 2.42458
1.42012175e+09 2.45764
1.42012575e+09 2.43099
1.42012975e+09 2.42212
1.42013375e+09 2.41588
1.42013775e+09 2.43589
1.42014175e+09 2.43858
1.42014575e+09 2.42382
1.42014975e+09 2.37189
1.42015375e+09 2.26616
1.42015775e+09 2.42174
1.42016175e+09 2.44673
1.42016575e+09 2.44768
1.42016975e+09 2.43436
1.42017375e+09 2.45287
1.42017775e+09 2.43721
1.42018175e+09 2.4596
1.42018575e+09 2.4502
1.42018975e+09 2.45213
1.42019375e+09 2.42192
1.42019775e+09 2.44002
1.42020175e+09 2.44623
1.42020575e+09 2.44362
1.42020975e+09 2.44749
1.42021375e+09 2.444
1.42021775e+09 2.44191
1.42022175e+09 2.43646
1.42022575e+09 2.44377
1.42022975e+09 2.5005
1.42023375e+09 2.44318
1.42023775e+09 2.43903
1.42024175e+09 2.43607
1.42024575e+09 2.42809
1.42024975e+09 2.57126
1.42025375e+09 2.43687
1.42025775e+09 2.42489
1.42026175e+09 2.43294
1.42026575e+09 2.41923
1.42026975e+09 2.42173
1.42027375e+09 2.41548
1.42027775e+09 2.45826
1.42028175e+09 2.46193
1.42028575e+09 2.48873
1.42028975e+09 2.52332
1.42029375e+09 2.53128
1.42029775e+09 2.5466
1.42030175e+09 2.57131
1.42030575e+09 2.59083
1.42030975e+09 2.62431
1.42031375e+09 2.6433
1.42031775e+09 2.65317
1.42032175e+09 2.69681
1.42032575e+09 2.71709
1.42032975e+09 2.76075
1.42033375e+09 2.77454
1.42033775e+09 2.82797
1.42034175e+09 2.84418
1.42034575e+09 2.86606
1.42034975e+09 2.9027
1.42035375e+09 2.93366
1.42035775e+09 2.96865
1.42036175e+09 2.99506
1.42036575e+09 3.02195
1.42036975e+09 3.08272
1.42037375e+09 3.09081
1.42037775e+09 3.13608
1.42038175e+09 3.17095
1.42038575e+09 3.2046
1.42038975e+09 3.24274
1.42039375e+09 3.2502
1.42039775e+09 3.28432
1.42040175e+09 3.29208
1.42040575e+09 3.29982
1.42040975e+09 3.30765
1.42041375e+09 3.29619
1.42041775e+09 3.28086
1.42042175e+09 3.28286
1.42042575e+09 3.24741
1.42042975e+09 3.24178
1.42043375e+09 3.20483
1.42043775e+09 3.18682
1.42044175e+09 3.13966
1.42044575e+09 3.11464
1.42044975e+09 3.08866
1.42045375e+09 3.06104
1.42045775e+09 3.02981
1.42046175e+09 3.01126
1.42046575e+09 2.99136
1.42046975e+09 2.96923
1.42047375e+09 2.94132
1.42047775e+09 2.9148
1.42048175e+09 2.90983
1.42048575e+09 2.8966
1.42048975e+09 2.86892
1.42049375e+09 2.87167
1.42049775e+09 2.85153
1.42050175e+09 2.83048
1.42050575e+09 2.83787
1.42050975e+09 2.82441
1.42051375e+09 2.79485
1.42051775e+09 2.7933
1.42052175e+09 2.7774
1.42052575e+09 2.77232
1.42052975e+09 2.76892
1.42053375e+09 2.76984
1.42053775e+09 2.76329
1.42054175e+09 2.76606
1.42054575e+09 2.74578
1.42054975e+09 2.75605
1.42055375e+09 2.7648
1.42055775e+09 2.73386
1.42056175e+09 2.73435
1.42056575e+09 2.73489
1.42056975e+09 2.73587
1.42057375e+09 2.7195
1.42057775e+09 2.71938
1.42058175e+09 2.71947
1.42058575e+09 2.70886
1.42058975e+09 2.70554
1.42059375e+09 2.69241
1.42059775e+09 2.69465
1.42060175e+09 2.68955
1.42060575e+09 2.69162
1.42060975e+09 2.69364
1.42061375e+09 2.69283
1.42061775e+09 2.69282
1.42062175e+09 2.69504
1.42062575e+09 2.70106
1.42062975e+09 2.69592
1.42063375e+09 2.69252
1.42063775e+09 2.70435
1.42064175e+09 2.69461
1.42064575e+09 2.69842
1.42064975e+09 2.72087
1.42065375e+09 2.71271
1.42065775e+09 2.72621
1.42066175e+09 2.71147
1.42066575e+09 2.72017
1.42066975e+09 2.73294
1.42067375e+09 2.73132
1.42067775e+09 2.73452
1.42068175e+09 2.75128
1.42068575e+09 2.77132
1.42068975e+09 2.76569
1.42069375e+09 2.77209
1.42069775e+09 2.79515
1.42070175e+09 2.80558
1.42070575e+09 2.80942
1.42070975e+09 2.81523
1.42071375e+09 2.84075
1.42071775e+09 2.83605
1.42072175e+09 2.84893
1.42072575e+09 2.86446
1.42072975e+09 2.87327
1.42073375e+09 2.87062
1.42073775e+09 2.87979
1.42074175e+09 2.89562
1.42074575e+09 2.89109
1.42074975e+09 2.90435
1.42075375e+09 2.90613
1.42075775e+09 2.91101
1.42076175e+09 2.90977
1.42076575e+09 2.90253
1.42076975e+09 2.89079
1.42077375e+09 2.88998
1.42077775e+09 2.88684
1.42078175e+09 2.87582
1.42078575e+09 2.88821
1.42078975e+09 2.86539
1.42079375e+09 2.84387
1.42079775e+09 2.84543
1.42080175e+09 2.83811
1.42080575e+09 2.82441
1.42080975e+09 2.80599
1.42081375e+09 2.78651
1.42081775e+09 2.77568
1.42082175e+09 2.74158
1.42082575e+09 2.75754
1.42082975e+09 2.73494
1.42083375e+09 2.75097
1.42083775e+09 2.74265
1.42084175e+09 2.73842
1.42084575e+09 2.72045
1.42084975e+09 2.71559
1.42085375e+09 2.70303
1.42085775e+09 2.70261
1.42086175e+09 2.70314
1.42086575e+09 2.70157
1.42086975e+09 2.70173
1.42087375e+09 2.67467
1.42087775e+09 2.67513
1.42088175e+09 2.68659
1.42088575e+09 2.694
1.42088975e+09 2.67316
1.42089375e+09 2.6666
1.42089775e+09 2.66806
1.42090175e+09 2.68318
1.42090575e+09 2.69485
1.42090975e+09 2.67163
1.42091375e+09 2.67113
1.42091775e+09 2.68944
1.42092175e+09 2.69108
1.42092575e+09 2.6925
1.42092975e+09 2.68871
1.42093375e+09 2.69774
1.42093775e+09 2.6781
1.42094175e+09 2.68608
1.42094575e+09 2.67633
1.42094975e+09 2.6396
1.42095375e+09 2.65848
1.42095775e+09 2.66121
1.42096175e+09 2.66958
1.42096575e+09 2.65344
1.42096975e+09 2.65618
1.42097375e+09 2.66004
1.42097775e+09 2.62938
1.42098175e+09 2.63232
1.42098575e+09 2.6312
1.42098975e+09 2.65029
1.42099375e+09 2.6461
1.42099775e+09 2.64219
1.42100175e+09 2.64091
1.42100575e+09 2.63592
1.42100975e+09 2.64798
1.42101375e+09 2.6388
1.42101775e+09 2.63421
1.42102175e+09 2.63542
1.42102575e+09 2.62825
1.42102975e+09 2.64055
1.42103375e+09 2.63169
1.42103775e+09 2.63983
1.42104175e+09 2.64847
1.42104575e+09 2.64686
1.42104975e+09 2.64184
1.42105375e+09 2.63245
1.42105775e+09 2.63563
1.42106175e+09 2.63185
1.42106575e+09 2.63276
1.42106975e+09 2.63938
1.42107375e+09 2.64592
1.42107775e+09 2.64149
1.42108175e+09 2.63492
1.42108575e+09 2.63792
1.42108975e+09 2.63652
1.42109375e+09 2.62958
1.42109775e+09 2.64167
1.42110175e+09 2.63485
1.42110575e+09 2.63178
1.42110975e+09 2.63728
1.42111375e+09 2.61174
1.42111775e+09 2.64362
1.42112175e+09 2.64359
1.42112575e+09 2.6292
1.42112975e+09 2.63494
1.42113375e+09 2.62725
1.42113775e+09 2.64816
1.42114175e+09 2.62777
1.42114575e+09 2.63725
1.42114975e+09 2.63436
1.42115375e+09 2.61495
1.42115775e+09 2.61969
1.42116175e+09 2.63854
1.42116575e+09 2.64197
1.42116975e+09 2.624
1.42117375e+09 2.61958
1.42117775e+09 2.63056
1.42118175e+09 2.62614
1.42118575e+09 2.6389
1.42118975e+09 2.62599
1.42119375e+09 2.61648
1.42119775e+09 2.62327
1.42120175e+09 2.63949
1.42120575e+09 2.61199
1.42120975e+09 2.6195
1.42121375e+09 2.62404
1.42121775e+09 2.61106
1.42122175e+09 2.63264
1.42122575e+09 2.62556
1.42122975e+09 2.63301
1.42123375e+09 2.62327
1.42123775e+09 2.62454
1.42124175e+09 2.61603
1.42124575e+09 2.6037
1.42124975e+09 2.63428
1.42125375e+09 2.62949
1.42125775e+09 2.60378
1.42126175e+09 2.60698
1.42126575e+09 2.61902
1.42126975e+09 2.59732
1.42127375e+09 2.60853
1.42127775e+09 2.60055
1.42128175e+09 2.59737
1.42128575e+09 2.59667
1.42128975e+09 2.58602
1.42129375e+09 2.60091
1.42129775e+09 2.58186
1.42130175e+09 2.58581
1.42130575e+09 2.59312
1.42130975e+09 2.58911
1.42131375e+09 2.58166
1.42131775e+09 2.59072
1.42132175e+09 2.58269
1.42132575e+09 2.58234
1.42132975e+09 2.55772
1.42133375e+09 2.56703
1.42133775e+09 2.55417
1.42134175e+09 2.56764
1.42134575e+09 2.54668
1.42134975e+09 2.55902
1.42135375e+09 2.53874
1.42135775e+09 2.52989
1.42136175e+09 2.53662
1.42136575e+09 2.5203
1.42136975e+09 2.52294
1.42137375e+09 2.5371
1.42137775e+09 2.52052
1.42138175e+09 2.52849
1.42138575e+09 2.52088
1.42138975e+09 2.51672
1.42139375e+09 2.49661
1.42139775e+09 2.48993
1.42140175e+09 2.47999


