# rtl-power-fftw output
# galactisch: 072
# antenne: 202-71
# dark: dark20170829153246
# data: A072_20170919203048
# -b: 500
# -t: 150
# -g: 300
# -p: 0
# Acquisition start: 2017-09-19 20:30:49 UTC
# Acquisition end: 2017-09-19 20:33:20 UTC
#
# frequency [Hz] power spectral density [dB/Hz]
1.41940575e+09 2.42664
1.41940975e+09 2.39283
1.41941375e+09 2.39859
1.41941775e+09 2.41004
1.41942175e+09 2.39036
1.41942575e+09 2.3904
1.41942975e+09 2.40293
1.41943375e+09 2.37435
1.41943775e+09 2.35335
1.41944175e+09 2.35053
1.41944575e+09 2.35043
1.41944975e+09 2.33222
1.41945375e+09 2.32932
1.41945775e+09 2.31825
1.41946175e+09 2.3066
1.41946575e+09 2.28835
1.41946975e+09 2.29721
1.41947375e+09 2.27784
1.41947775e+09 2.27055
1.41948175e+09 2.25066
1.41948575e+09 2.24851
1.41948975e+09 2.2293
1.41949375e+09 2.23584
1.41949775e+09 2.20981
1.41950175e+09 2.20456
1.41950575e+09 2.20742
1.41950975e+09 2.19708
1.41951375e+09 2.18485
1.41951775e+09 2.18702
1.41952175e+09 2.16535
1.41952575e+09 2.16665
1.41952975e+09 2.17573
1.41953375e+09 2.16604
1.41953775e+09 2.15327
1.41954175e+09 2.15952
1.41954575e+09 2.1417
1.41954975e+09 2.14224
1.41955375e+09 2.15975
1.41955775e+09 2.15304
1.41956175e+09 2.17082
1.41956575e+09 2.15611
1.41956975e+09 2.14145
1.41957375e+09 2.15713
1.41957775e+09 2.15582
1.41958175e+09 2.16804
1.41958575e+09 2.15058
1.41958975e+09 2.16861
1.41959375e+09 2.14269
1.41959775e+09 2.14461
1.41960175e+09 2.13134
1.41960575e+09 2.15481
1.41960975e+09 2.14374
1.41961375e+09 2.15629
1.41961775e+09 2.15866
1.41962175e+09 2.16875
1.41962575e+09 2.15505
1.41962975e+09 2.17012
1.41963375e+09 2.18061
1.41963775e+09 2.16739
1.41964175e+09 2.16204
1.41964575e+09 2.1849
1.41964975e+09 2.18144
1.41965375e+09 2.17423
1.41965775e+09 2.17068
1.41966175e+09 2.17435
1.41966575e+09 2.18813
1.41966975e+09 2.15683
1.41967375e+09 2.17258
1.41967775e+09 2.17278
1.41968175e+09 2.19108
1.41968575e+09 2.20266
1.41968975e+09 2.19311
1.41969375e+09 2.1962
1.41969775e+09 2.1989
1.41970175e+09 2.1975
1.41970575e+09 2.19562
1.41970975e+09 2.19036
1.41971375e+09 2.1948
1.41971775e+09 2.20385
1.41972175e+09 2.20102
1.41972575e+09 2.20242
1.41972975e+09 2.20303
1.41973375e+09 2.20158
1.41973775e+09 2.19117
1.41974175e+09 2.21777
1.41974575e+09 2.21227
1.41974975e+09 2.19845
1.41975375e+09 2.19953
1.41975775e+09 2.21905
1.41976175e+09 2.20528
1.41976575e+09 2.20099
1.41976975e+09 2.21889
1.41977375e+09 2.21514
1.41977775e+09 2.21256
1.41978175e+09 2.23458
1.41978575e+09 2.22084
1.41978975e+09 2.22411
1.41979375e+09 2.2256
1.41979775e+09 2.23273
1.41980175e+09 2.22147
1.41980575e+09 2.21929
1.41980975e+09 2.22486
1.41981375e+09 2.23965
1.41981775e+09 2.23272
1.41982175e+09 2.22155
1.41982575e+09 2.23207
1.41982975e+09 2.25428
1.41983375e+09 2.22247
1.41983775e+09 2.2325
1.41984175e+09 2.23904
1.41984575e+09 2.24912
1.41984975e+09 2.24761
1.41985375e+09 2.24111
1.41985775e+09 2.24662
1.41986175e+09 2.24378
1.41986575e+09 2.25492
1.41986975e+09 2.24985
1.41987375e+09 2.25071
1.41987775e+09 2.25972
1.41988175e+09 2.25502
1.41988575e+09 2.25831
1.41988975e+09 2.26554
1.41989375e+09 2.24926
1.41989775e+09 2.2502
1.41990175e+09 2.25281
1.41990575e+09 2.24767
1.41990975e+09 2.25486
1.41991375e+09 2.27114
1.41991775e+09 2.26948
1.41992175e+09 2.25847
1.41992575e+09 2.26661
1.41992975e+09 2.26867
1.41993375e+09 2.27297
1.41993775e+09 2.2717
1.41994175e+09 2.27173
1.41994575e+09 2.25763
1.41994975e+09 2.27205
1.41995375e+09 2.27279
1.41995775e+09 2.29017
1.41996175e+09 2.27352
1.41996575e+09 2.27149
1.41996975e+09 2.28885
1.41997375e+09 2.28136
1.41997775e+09 2.27359
1.41998175e+09 2.28227
1.41998575e+09 2.27949
1.41998975e+09 2.29187
1.41999375e+09 2.3016
1.41999775e+09 2.29447
1.42000175e+09 2.29652
1.42000575e+09 2.2953
1.42000975e+09 2.30011
1.42001375e+09 2.30117
1.42001775e+09 2.28486
1.42002175e+09 2.27261
1.42002575e+09 2.28373
1.42002975e+09 2.29119
1.42003375e+09 2.29474
1.42003775e+09 2.2951
1.42004175e+09 2.3139
1.42004575e+09 2.31836
1.42004975e+09 2.31136
1.42005375e+09 2.30032
1.42005775e+09 2.29532
1.42006175e+09 2.3142
1.42006575e+09 2.30602
1.42006975e+09 2.31228
1.42007375e+09 2.31846
1.42007775e+09 2.30882
1.42008175e+09 2.31778
1.42008575e+09 2.31422
1.42008975e+09 2.33222
1.42009375e+09 2.31864
1.42009775e+09 2.31996
1.42010175e+09 2.3197
1.42010575e+09 2.34183
1.42010975e+09 2.32664
1.42011375e+09 2.33061
1.42011775e+09 2.33791
1.42012175e+09 2.36383
1.42012575e+09 2.34514
1.42012975e+09 2.32898
1.42013375e+09 2.32208
1.42013775e+09 2.33994
1.42014175e+09 2.3535
1.42014575e+09 2.32999
1.42014975e+09 2.27768
1.42015375e+09 2.17537
1.42015775e+09 2.34359
1.42016175e+09 2.36333
1.42016575e+09 2.35452
1.42016975e+09 2.35401
1.42017375e+09 2.36422
1.42017775e+09 2.35786
1.42018175e+09 2.36895
1.42018575e+09 2.35119
1.42018975e+09 2.35547
1.42019375e+09 2.34833
1.42019775e+09 2.35561
1.42020175e+09 2.34376
1.42020575e+09 2.34905
1.42020975e+09 2.35222
1.42021375e+09 2.341
1.42021775e+09 2.35234
1.42022175e+09 2.3485
1.42022575e+09 2.35634
1.42022975e+09 2.39841
1.42023375e+09 2.34601
1.42023775e+09 2.34457
1.42024175e+09 2.33057
1.42024575e+09 2.33277
1.42024975e+09 2.54863
1.42025375e+09 2.32727
1.42025775e+09 2.30934
1.42026175e+09 2.324
1.42026575e+09 2.30954
1.42026975e+09 2.31101
1.42027375e+09 2.31446
1.42027775e+09 2.34053
1.42028175e+09 2.34463
1.42028575e+09 2.35847
1.42028975e+09 2.383
1.42029375e+09 2.39592
1.42029775e+09 2.39786
1.42030175e+09 2.43077
1.42030575e+09 2.43958
1.42030975e+09 2.45411
1.42031375e+09 2.48754
1.42031775e+09 2.4943
1.42032175e+09 2.51199
1.42032575e+09 2.53716
1.42032975e+09 2.56349
1.42033375e+09 2.56941
1.42033775e+09 2.60044
1.42034175e+09 2.62764
1.42034575e+09 2.65694
1.42034975e+09 2.69676
1.42035375e+09 2.73208
1.42035775e+09 2.76672
1.42036175e+09 2.79902
1.42036575e+09 2.84527
1.42036975e+09 2.90425
1.42037375e+09 2.94203
1.42037775e+09 2.99219
1.42038175e+09 3.03779
1.42038575e+09 3.09217
1.42038975e+09 3.14254
1.42039375e+09 3.16072
1.42039775e+09 3.20479
1.42040175e+09 3.22178
1.42040575e+09 3.24144
1.42040975e+09 3.26114
1.42041375e+09 3.26006
1.42041775e+09 3.25512
1.42042175e+09 3.26441
1.42042575e+09 3.24246
1.42042975e+09 3.25289
1.42043375e+09 3.23179
1.42043775e+09 3.22156
1.42044175e+09 3.21054
1.42044575e+09 3.18172
1.42044975e+09 3.1573
1.42045375e+09 3.15773
1.42045775e+09 3.11256
1.42046175e+09 3.09489
1.42046575e+09 3.07299
1.42046975e+09 3.04071
1.42047375e+09 3.01087
1.42047775e+09 2.984
1.42048175e+09 2.97578
1.42048575e+09 2.94559
1.42048975e+09 2.91802
1.42049375e+09 2.90178
1.42049775e+09 2.88398
1.42050175e+09 2.85546
1.42050575e+09 2.84097
1.42050975e+09 2.81964
1.42051375e+09 2.78354
1.42051775e+09 2.78259
1.42052175e+09 2.75237
1.42052575e+09 2.75061
1.42052975e+09 2.74578
1.42053375e+09 2.7415
1.42053775e+09 2.73746
1.42054175e+09 2.72281
1.42054575e+09 2.7022
1.42054975e+09 2.72342
1.42055375e+09 2.7215
1.42055775e+09 2.70375
1.42056175e+09 2.70388
1.42056575e+09 2.70343
1.42056975e+09 2.69555
1.42057375e+09 2.70613
1.42057775e+09 2.69262
1.42058175e+09 2.68323
1.42058575e+09 2.68528
1.42058975e+09 2.6829
1.42059375e+09 2.6696
1.42059775e+09 2.66784
1.42060175e+09 2.66203
1.42060575e+09 2.66812
1.42060975e+09 2.67746
1.42061375e+09 2.68347
1.42061775e+09 2.6733
1.42062175e+09 2.66769
1.42062575e+09 2.67039
1.42062975e+09 2.6803
1.42063375e+09 2.66403
1.42063775e+09 2.66961
1.42064175e+09 2.6682
1.42064575e+09 2.66249
1.42064975e+09 2.6581
1.42065375e+09 2.67138
1.42065775e+09 2.66442
1.42066175e+09 2.66131
1.42066575e+09 2.65266
1.42066975e+09 2.66937
1.42067375e+09 2.65341
1.42067775e+09 2.64793
1.42068175e+09 2.6549
1.42068575e+09 2.67515
1.42068975e+09 2.66092
1.42069375e+09 2.68575
1.42069775e+09 2.68841
1.42070175e+09 2.70578
1.42070575e+09 2.69274
1.42070975e+09 2.70381
1.42071375e+09 2.72378
1.42071775e+09 2.71341
1.42072175e+09 2.72103
1.42072575e+09 2.74404
1.42072975e+09 2.74641
1.42073375e+09 2.74475
1.42073775e+09 2.75657
1.42074175e+09 2.76726
1.42074575e+09 2.77132
1.42074975e+09 2.78961
1.42075375e+09 2.77695
1.42075775e+09 2.79356
1.42076175e+09 2.81012
1.42076575e+09 2.81942
1.42076975e+09 2.81423
1.42077375e+09 2.82165
1.42077775e+09 2.825
1.42078175e+09 2.821
1.42078575e+09 2.83655
1.42078975e+09 2.82943
1.42079375e+09 2.82308
1.42079775e+09 2.8231
1.42080175e+09 2.821
1.42080575e+09 2.80857
1.42080975e+09 2.80376
1.42081375e+09 2.77001
1.42081775e+09 2.76757
1.42082175e+09 2.7369
1.42082575e+09 2.75365
1.42082975e+09 2.72979
1.42083375e+09 2.74195
1.42083775e+09 2.70968
1.42084175e+09 2.71601
1.42084575e+09 2.70358
1.42084975e+09 2.69348
1.42085375e+09 2.67137
1.42085775e+09 2.6578
1.42086175e+09 2.67092
1.42086575e+09 2.65884
1.42086975e+09 2.6525
1.42087375e+09 2.63904
1.42087775e+09 2.63918
1.42088175e+09 2.63227
1.42088575e+09 2.63674
1.42088975e+09 2.6231
1.42089375e+09 2.60286
1.42089775e+09 2.61473
1.42090175e+09 2.60511
1.42090575e+09 2.61904
1.42090975e+09 2.59301
1.42091375e+09 2.59934
1.42091775e+09 2.60649
1.42092175e+09 2.62538
1.42092575e+09 2.61596
1.42092975e+09 2.62291
1.42093375e+09 2.62067
1.42093775e+09 2.60294
1.42094175e+09 2.60302
1.42094575e+09 2.59526
1.42094975e+09 2.57602
1.42095375e+09 2.59147
1.42095775e+09 2.6046
1.42096175e+09 2.60169
1.42096575e+09 2.60047
1.42096975e+09 2.61055
1.42097375e+09 2.60147
1.42097775e+09 2.58365
1.42098175e+09 2.58034
1.42098575e+09 2.57734
1.42098975e+09 2.58341
1.42099375e+09 2.60164
1.42099775e+09 2.58728
1.42100175e+09 2.57857
1.42100575e+09 2.58418
1.42100975e+09 2.57368
1.42101375e+09 2.57954
1.42101775e+09 2.574
1.42102175e+09 2.56694
1.42102575e+09 2.56795
1.42102975e+09 2.58035
1.42103375e+09 2.56701
1.42103775e+09 2.57835
1.42104175e+09 2.5826
1.42104575e+09 2.58132
1.42104975e+09 2.59513
1.42105375e+09 2.57261
1.42105775e+09 2.58085
1.42106175e+09 2.57192
1.42106575e+09 2.56099
1.42106975e+09 2.57785
1.42107375e+09 2.59721
1.42107775e+09 2.57506
1.42108175e+09 2.57165
1.42108575e+09 2.58007
1.42108975e+09 2.58087
1.42109375e+09 2.57432
1.42109775e+09 2.57794
1.42110175e+09 2.56549
1.42110575e+09 2.57388
1.42110975e+09 2.58641
1.42111375e+09 2.55846
1.42111775e+09 2.56355
1.42112175e+09 2.57412
1.42112575e+09 2.58117
1.42112975e+09 2.5773
1.42113375e+09 2.56359
1.42113775e+09 2.57039
1.42114175e+09 2.55732
1.42114575e+09 2.56367
1.42114975e+09 2.59202
1.42115375e+09 2.5552
1.42115775e+09 2.54962
1.42116175e+09 2.57376
1.42116575e+09 2.56814
1.42116975e+09 2.55486
1.42117375e+09 2.57095
1.42117775e+09 2.55933
1.42118175e+09 2.56082
1.42118575e+09 2.57897
1.42118975e+09 2.58094
1.42119375e+09 2.55717
1.42119775e+09 2.56652
1.42120175e+09 2.58762
1.42120575e+09 2.56391
1.42120975e+09 2.56831
1.42121375e+09 2.57479
1.42121775e+09 2.55354
1.42122175e+09 2.56942
1.42122575e+09 2.56927
1.42122975e+09 2.55261
1.42123375e+09 2.56881
1.42123775e+09 2.57055
1.42124175e+09 2.5612
1.42124575e+09 2.5482
1.42124975e+09 2.58604
1.42125375e+09 2.5688
1.42125775e+09 2.53153
1.42126175e+09 2.56045
1.42126575e+09 2.56335
1.42126975e+09 2.5442
1.42127375e+09 2.54945
1.42127775e+09 2.56329
1.42128175e+09 2.55372
1.42128575e+09 2.54902
1.42128975e+09 2.53397
1.42129375e+09 2.54023
1.42129775e+09 2.53978
1.42130175e+09 2.53328
1.42130575e+09 2.54298
1.42130975e+09 2.53812
1.42131375e+09 2.53659
1.42131775e+09 2.52971
1.42132175e+09 2.5217
1.42132575e+09 2.51817
1.42132975e+09 2.50505
1.42133375e+09 2.52047
1.42133775e+09 2.4967
1.42134175e+09 2.5111
1.42134575e+09 2.50436
1.42134975e+09 2.48877
1.42135375e+09 2.49465
1.42135775e+09 2.47791
1.42136175e+09 2.47608
1.42136575e+09 2.46661
1.42136975e+09 2.47553
1.42137375e+09 2.4873
1.42137775e+09 2.46847
1.42138175e+09 2.47316
1.42138575e+09 2.46839
1.42138975e+09 2.46084
1.42139375e+09 2.43441
1.42139775e+09 2.43148
1.42140175e+09 2.43341


