# rtl-power-fftw output
# galactisch: 076
# antenne: 201-75
# dark: dark20170829153246
# data: A076_20170919203450
# -b: 500
# -t: 150
# -g: 300
# -p: 0
# Acquisition start: 2017-09-19 20:34:51 UTC
# Acquisition end: 2017-09-19 20:37:22 UTC
#
# frequency [Hz] power spectral density [dB/Hz]
1.41940575e+09 2.42032
1.41940975e+09 2.39801
1.41941375e+09 2.41172
1.41941775e+09 2.41324
1.41942175e+09 2.39214
1.41942575e+09 2.4086
1.41942975e+09 2.39134
1.41943375e+09 2.37249
1.41943775e+09 2.36002
1.41944175e+09 2.35875
1.41944575e+09 2.35527
1.41944975e+09 2.33952
1.41945375e+09 2.33819
1.41945775e+09 2.32187
1.41946175e+09 2.31186
1.41946575e+09 2.30043
1.41946975e+09 2.30177
1.41947375e+09 2.28549
1.41947775e+09 2.28944
1.41948175e+09 2.27852
1.41948575e+09 2.26348
1.41948975e+09 2.23838
1.41949375e+09 2.24639
1.41949775e+09 2.21966
1.41950175e+09 2.23045
1.41950575e+09 2.23133
1.41950975e+09 2.21012
1.41951375e+09 2.20399
1.41951775e+09 2.21016
1.41952175e+09 2.19109
1.41952575e+09 2.19626
1.41952975e+09 2.19981
1.41953375e+09 2.17207
1.41953775e+09 2.17375
1.41954175e+09 2.18559
1.41954575e+09 2.17831
1.41954975e+09 2.18183
1.41955375e+09 2.16945
1.41955775e+09 2.1861
1.41956175e+09 2.18131
1.41956575e+09 2.18311
1.41956975e+09 2.15918
1.41957375e+09 2.17622
1.41957775e+09 2.17126
1.41958175e+09 2.18727
1.41958575e+09 2.17431
1.41958975e+09 2.18779
1.41959375e+09 2.17633
1.41959775e+09 2.16843
1.41960175e+09 2.15339
1.41960575e+09 2.16855
1.41960975e+09 2.17463
1.41961375e+09 2.18184
1.41961775e+09 2.18428
1.41962175e+09 2.18459
1.41962575e+09 2.18312
1.41962975e+09 2.18549
1.41963375e+09 2.19788
1.41963775e+09 2.1896
1.41964175e+09 2.20162
1.41964575e+09 2.18829
1.41964975e+09 2.19403
1.41965375e+09 2.19817
1.41965775e+09 2.19416
1.41966175e+09 2.20308
1.41966575e+09 2.20947
1.41966975e+09 2.19294
1.41967375e+09 2.20736
1.41967775e+09 2.20212
1.41968175e+09 2.20736
1.41968575e+09 2.20781
1.41968975e+09 2.22164
1.41969375e+09 2.21832
1.41969775e+09 2.22108
1.41970175e+09 2.21993
1.41970575e+09 2.22444
1.41970975e+09 2.21468
1.41971375e+09 2.23306
1.41971775e+09 2.22055
1.41972175e+09 2.22487
1.41972575e+09 2.22283
1.41972975e+09 2.22164
1.41973375e+09 2.2156
1.41973775e+09 2.20871
1.41974175e+09 2.22692
1.41974575e+09 2.22573
1.41974975e+09 2.21511
1.41975375e+09 2.22277
1.41975775e+09 2.22697
1.41976175e+09 2.22097
1.41976575e+09 2.22532
1.41976975e+09 2.23235
1.41977375e+09 2.21977
1.41977775e+09 2.22451
1.41978175e+09 2.24746
1.41978575e+09 2.22946
1.41978975e+09 2.23543
1.41979375e+09 2.24015
1.41979775e+09 2.23858
1.41980175e+09 2.24449
1.41980575e+09 2.23319
1.41980975e+09 2.24667
1.41981375e+09 2.25625
1.41981775e+09 2.24657
1.41982175e+09 2.24096
1.41982575e+09 2.25065
1.41982975e+09 2.26633
1.41983375e+09 2.24269
1.41983775e+09 2.25343
1.41984175e+09 2.24585
1.41984575e+09 2.26413
1.41984975e+09 2.26081
1.41985375e+09 2.25731
1.41985775e+09 2.26834
1.41986175e+09 2.26711
1.41986575e+09 2.27206
1.41986975e+09 2.25498
1.41987375e+09 2.25827
1.41987775e+09 2.27332
1.41988175e+09 2.25737
1.41988575e+09 2.26578
1.41988975e+09 2.28404
1.41989375e+09 2.25908
1.41989775e+09 2.27247
1.41990175e+09 2.25873
1.41990575e+09 2.25627
1.41990975e+09 2.26538
1.41991375e+09 2.28836
1.41991775e+09 2.28616
1.41992175e+09 2.26106
1.41992575e+09 2.28616
1.41992975e+09 2.28918
1.41993375e+09 2.29107
1.41993775e+09 2.2842
1.41994175e+09 2.27384
1.41994575e+09 2.26775
1.41994975e+09 2.28271
1.41995375e+09 2.28189
1.41995775e+09 2.28706
1.41996175e+09 2.29182
1.41996575e+09 2.27871
1.41996975e+09 2.28858
1.41997375e+09 2.30445
1.41997775e+09 2.30147
1.41998175e+09 2.28535
1.41998575e+09 2.2839
1.41998975e+09 2.30449
1.41999375e+09 2.3014
1.41999775e+09 2.30911
1.42000175e+09 2.29021
1.42000575e+09 2.31271
1.42000975e+09 2.30175
1.42001375e+09 2.31796
1.42001775e+09 2.30133
1.42002175e+09 2.28705
1.42002575e+09 2.31107
1.42002975e+09 2.29959
1.42003375e+09 2.30874
1.42003775e+09 2.30191
1.42004175e+09 2.31638
1.42004575e+09 2.32323
1.42004975e+09 2.32332
1.42005375e+09 2.2994
1.42005775e+09 2.29422
1.42006175e+09 2.30513
1.42006575e+09 2.3038
1.42006975e+09 2.31351
1.42007375e+09 2.32006
1.42007775e+09 2.32568
1.42008175e+09 2.33149
1.42008575e+09 2.32283
1.42008975e+09 2.33502
1.42009375e+09 2.33293
1.42009775e+09 2.32886
1.42010175e+09 2.33116
1.42010575e+09 2.34969
1.42010975e+09 2.32094
1.42011375e+09 2.34089
1.42011775e+09 2.34045
1.42012175e+09 2.3599
1.42012575e+09 2.35869
1.42012975e+09 2.3274
1.42013375e+09 2.33069
1.42013775e+09 2.35213
1.42014175e+09 2.34402
1.42014575e+09 2.32221
1.42014975e+09 2.28997
1.42015375e+09 2.19077
1.42015775e+09 2.34456
1.42016175e+09 2.36959
1.42016575e+09 2.35324
1.42016975e+09 2.34976
1.42017375e+09 2.37222
1.42017775e+09 2.3656
1.42018175e+09 2.36257
1.42018575e+09 2.3541
1.42018975e+09 2.359
1.42019375e+09 2.33838
1.42019775e+09 2.35805
1.42020175e+09 2.34806
1.42020575e+09 2.34906
1.42020975e+09 2.354
1.42021375e+09 2.33875
1.42021775e+09 2.34146
1.42022175e+09 2.33812
1.42022575e+09 2.32634
1.42022975e+09 2.3789
1.42023375e+09 2.34439
1.42023775e+09 2.33664
1.42024175e+09 2.32196
1.42024575e+09 2.3173
1.42024975e+09 2.42857
1.42025375e+09 2.30243
1.42025775e+09 2.30857
1.42026175e+09 2.31181
1.42026575e+09 2.29685
1.42026975e+09 2.30055
1.42027375e+09 2.30434
1.42027775e+09 2.31668
1.42028175e+09 2.321
1.42028575e+09 2.3374
1.42028975e+09 2.35859
1.42029375e+09 2.35538
1.42029775e+09 2.37867
1.42030175e+09 2.39183
1.42030575e+09 2.40699
1.42030975e+09 2.41906
1.42031375e+09 2.43525
1.42031775e+09 2.44307
1.42032175e+09 2.45256
1.42032575e+09 2.47543
1.42032975e+09 2.49683
1.42033375e+09 2.50254
1.42033775e+09 2.51682
1.42034175e+09 2.54646
1.42034575e+09 2.57418
1.42034975e+09 2.6097
1.42035375e+09 2.64162
1.42035775e+09 2.67253
1.42036175e+09 2.71332
1.42036575e+09 2.76258
1.42036975e+09 2.83002
1.42037375e+09 2.84936
1.42037775e+09 2.90828
1.42038175e+09 2.96237
1.42038575e+09 3.02103
1.42038975e+09 3.07118
1.42039375e+09 3.10138
1.42039775e+09 3.15571
1.42040175e+09 3.18494
1.42040575e+09 3.21175
1.42040975e+09 3.23853
1.42041375e+09 3.2497
1.42041775e+09 3.26134
1.42042175e+09 3.27962
1.42042575e+09 3.25674
1.42042975e+09 3.28358
1.42043375e+09 3.28181
1.42043775e+09 3.28574
1.42044175e+09 3.27963
1.42044575e+09 3.28417
1.42044975e+09 3.27729
1.42045375e+09 3.27562
1.42045775e+09 3.26243
1.42046175e+09 3.25362
1.42046575e+09 3.25925
1.42046975e+09 3.2343
1.42047375e+09 3.21721
1.42047775e+09 3.18438
1.42048175e+09 3.19204
1.42048575e+09 3.15454
1.42048975e+09 3.13161
1.42049375e+09 3.09593
1.42049775e+09 3.07861
1.42050175e+09 3.0443
1.42050575e+09 3.02028
1.42050975e+09 2.98434
1.42051375e+09 2.91437
1.42051775e+09 2.92038
1.42052175e+09 2.87265
1.42052575e+09 2.85002
1.42052975e+09 2.82285
1.42053375e+09 2.8056
1.42053775e+09 2.78759
1.42054175e+09 2.76666
1.42054575e+09 2.74902
1.42054975e+09 2.76287
1.42055375e+09 2.72698
1.42055775e+09 2.71316
1.42056175e+09 2.7093
1.42056575e+09 2.71336
1.42056975e+09 2.70526
1.42057375e+09 2.70427
1.42057775e+09 2.68343
1.42058175e+09 2.68507
1.42058575e+09 2.68037
1.42058975e+09 2.69318
1.42059375e+09 2.6816
1.42059775e+09 2.68803
1.42060175e+09 2.69359
1.42060575e+09 2.69848
1.42060975e+09 2.71132
1.42061375e+09 2.71333
1.42061775e+09 2.72645
1.42062175e+09 2.72909
1.42062575e+09 2.71918
1.42062975e+09 2.7403
1.42063375e+09 2.72044
1.42063775e+09 2.74681
1.42064175e+09 2.73343
1.42064575e+09 2.73265
1.42064975e+09 2.73675
1.42065375e+09 2.72711
1.42065775e+09 2.74133
1.42066175e+09 2.72364
1.42066575e+09 2.71117
1.42066975e+09 2.72255
1.42067375e+09 2.69116
1.42067775e+09 2.69312
1.42068175e+09 2.67889
1.42068575e+09 2.69016
1.42068975e+09 2.67646
1.42069375e+09 2.67113
1.42069775e+09 2.66841
1.42070175e+09 2.68114
1.42070575e+09 2.67436
1.42070975e+09 2.66526
1.42071375e+09 2.67998
1.42071775e+09 2.67503
1.42072175e+09 2.68005
1.42072575e+09 2.66906
1.42072975e+09 2.69187
1.42073375e+09 2.6938
1.42073775e+09 2.70599
1.42074175e+09 2.7044
1.42074575e+09 2.71369
1.42074975e+09 2.72105
1.42075375e+09 2.72646
1.42075775e+09 2.75462
1.42076175e+09 2.75555
1.42076575e+09 2.77384
1.42076975e+09 2.76378
1.42077375e+09 2.78527
1.42077775e+09 2.79073
1.42078175e+09 2.78099
1.42078575e+09 2.81226
1.42078975e+09 2.80851
1.42079375e+09 2.78953
1.42079775e+09 2.81037
1.42080175e+09 2.83794
1.42080575e+09 2.8207
1.42080975e+09 2.80861
1.42081375e+09 2.79562
1.42081775e+09 2.78568
1.42082175e+09 2.75943
1.42082575e+09 2.78845
1.42082975e+09 2.77608
1.42083375e+09 2.78103
1.42083775e+09 2.76984
1.42084175e+09 2.77831
1.42084575e+09 2.75951
1.42084975e+09 2.7617
1.42085375e+09 2.74103
1.42085775e+09 2.73782
1.42086175e+09 2.72516
1.42086575e+09 2.7309
1.42086975e+09 2.72212
1.42087375e+09 2.70257
1.42087775e+09 2.69438
1.42088175e+09 2.70377
1.42088575e+09 2.67893
1.42088975e+09 2.661
1.42089375e+09 2.64489
1.42089775e+09 2.65049
1.42090175e+09 2.64325
1.42090575e+09 2.63828
1.42090975e+09 2.63336
1.42091375e+09 2.63352
1.42091775e+09 2.61275
1.42092175e+09 2.63775
1.42092575e+09 2.61723
1.42092975e+09 2.62934
1.42093375e+09 2.6325
1.42093775e+09 2.60821
1.42094175e+09 2.60821
1.42094575e+09 2.58781
1.42094975e+09 2.57489
1.42095375e+09 2.58271
1.42095775e+09 2.5874
1.42096175e+09 2.59529
1.42096575e+09 2.60123
1.42096975e+09 2.59628
1.42097375e+09 2.60497
1.42097775e+09 2.5803
1.42098175e+09 2.56954
1.42098575e+09 2.56969
1.42098975e+09 2.59376
1.42099375e+09 2.59039
1.42099775e+09 2.58081
1.42100175e+09 2.58657
1.42100575e+09 2.57627
1.42100975e+09 2.58527
1.42101375e+09 2.57326
1.42101775e+09 2.57904
1.42102175e+09 2.57687
1.42102575e+09 2.5645
1.42102975e+09 2.57414
1.42103375e+09 2.56297
1.42103775e+09 2.56462
1.42104175e+09 2.57854
1.42104575e+09 2.56562
1.42104975e+09 2.57141
1.42105375e+09 2.56805
1.42105775e+09 2.56356
1.42106175e+09 2.5776
1.42106575e+09 2.55717
1.42106975e+09 2.56422
1.42107375e+09 2.59204
1.42107775e+09 2.57957
1.42108175e+09 2.56807
1.42108575e+09 2.57392
1.42108975e+09 2.55842
1.42109375e+09 2.55655
1.42109775e+09 2.5749
1.42110175e+09 2.5595
1.42110575e+09 2.55847
1.42110975e+09 2.5615
1.42111375e+09 2.54514
1.42111775e+09 2.56914
1.42112175e+09 2.55785
1.42112575e+09 2.55633
1.42112975e+09 2.55743
1.42113375e+09 2.55202
1.42113775e+09 2.55816
1.42114175e+09 2.55901
1.42114575e+09 2.55107
1.42114975e+09 2.55414
1.42115375e+09 2.53754
1.42115775e+09 2.53367
1.42116175e+09 2.55075
1.42116575e+09 2.5532
1.42116975e+09 2.54306
1.42117375e+09 2.5489
1.42117775e+09 2.54925
1.42118175e+09 2.54425
1.42118575e+09 2.56073
1.42118975e+09 2.54538
1.42119375e+09 2.55104
1.42119775e+09 2.56039
1.42120175e+09 2.57648
1.42120575e+09 2.5563
1.42120975e+09 2.56302
1.42121375e+09 2.56602
1.42121775e+09 2.54411
1.42122175e+09 2.55985
1.42122575e+09 2.56163
1.42122975e+09 2.55529
1.42123375e+09 2.54087
1.42123775e+09 2.54623
1.42124175e+09 2.54799
1.42124575e+09 2.55247
1.42124975e+09 2.56455
1.42125375e+09 2.54428
1.42125775e+09 2.53271
1.42126175e+09 2.55041
1.42126575e+09 2.55497
1.42126975e+09 2.52673
1.42127375e+09 2.54311
1.42127775e+09 2.54195
1.42128175e+09 2.53464
1.42128575e+09 2.53317
1.42128975e+09 2.51295
1.42129375e+09 2.52113
1.42129775e+09 2.5114
1.42130175e+09 2.52654
1.42130575e+09 2.53399
1.42130975e+09 2.51163
1.42131375e+09 2.51652
1.42131775e+09 2.51679
1.42132175e+09 2.51404
1.42132575e+09 2.5044
1.42132975e+09 2.50216
1.42133375e+09 2.49598
1.42133775e+09 2.4903
1.42134175e+09 2.50149
1.42134575e+09 2.49695
1.42134975e+09 2.48781
1.42135375e+09 2.47992
1.42135775e+09 2.4661
1.42136175e+09 2.47026
1.42136575e+09 2.46504
1.42136975e+09 2.45948
1.42137375e+09 2.47972
1.42137775e+09 2.45177
1.42138175e+09 2.45858
1.42138575e+09 2.46437
1.42138975e+09 2.45016
1.42139375e+09 2.44175
1.42139775e+09 2.43675
1.42140175e+09 2.43887


