# rtl-power-fftw output
# galactisch: 080
# antenne: 198-78
# dark: dark20170829153246
# data: A080_20170919203858
# -b: 500
# -t: 150
# -g: 300
# -p: 0
# Acquisition start: 2017-09-19 20:38:59 UTC
# Acquisition end: 2017-09-19 20:41:30 UTC
#
# frequency [Hz] power spectral density [dB/Hz]
1.41940575e+09 2.30075
1.41940975e+09 2.28864
1.41941375e+09 2.2912
1.41941775e+09 2.30243
1.41942175e+09 2.29068
1.41942575e+09 2.28761
1.41942975e+09 2.2855
1.41943375e+09 2.26374
1.41943775e+09 2.25865
1.41944175e+09 2.25354
1.41944575e+09 2.23871
1.41944975e+09 2.24069
1.41945375e+09 2.22926
1.41945775e+09 2.23017
1.41946175e+09 2.21937
1.41946575e+09 2.19478
1.41946975e+09 2.20464
1.41947375e+09 2.17889
1.41947775e+09 2.18141
1.41948175e+09 2.17549
1.41948575e+09 2.16775
1.41948975e+09 2.1553
1.41949375e+09 2.16193
1.41949775e+09 2.14198
1.41950175e+09 2.13387
1.41950575e+09 2.13824
1.41950975e+09 2.12547
1.41951375e+09 2.11831
1.41951775e+09 2.12184
1.41952175e+09 2.10136
1.41952575e+09 2.10944
1.41952975e+09 2.0983
1.41953375e+09 2.09834
1.41953775e+09 2.09206
1.41954175e+09 2.10197
1.41954575e+09 2.08334
1.41954975e+09 2.0912
1.41955375e+09 2.0864
1.41955775e+09 2.09697
1.41956175e+09 2.0887
1.41956575e+09 2.08918
1.41956975e+09 2.081
1.41957375e+09 2.0906
1.41957775e+09 2.08619
1.41958175e+09 2.09508
1.41958575e+09 2.09099
1.41958975e+09 2.10969
1.41959375e+09 2.07172
1.41959775e+09 2.08177
1.41960175e+09 2.07524
1.41960575e+09 2.07639
1.41960975e+09 2.08426
1.41961375e+09 2.09414
1.41961775e+09 2.08292
1.41962175e+09 2.10788
1.41962575e+09 2.09802
1.41962975e+09 2.09744
1.41963375e+09 2.10692
1.41963775e+09 2.10111
1.41964175e+09 2.11178
1.41964575e+09 2.09825
1.41964975e+09 2.09829
1.41965375e+09 2.11589
1.41965775e+09 2.10589
1.41966175e+09 2.10639
1.41966575e+09 2.11388
1.41966975e+09 2.09781
1.41967375e+09 2.11638
1.41967775e+09 2.10373
1.41968175e+09 2.12004
1.41968575e+09 2.13403
1.41968975e+09 2.13059
1.41969375e+09 2.12963
1.41969775e+09 2.12804
1.41970175e+09 2.13838
1.41970575e+09 2.13635
1.41970975e+09 2.11271
1.41971375e+09 2.13568
1.41971775e+09 2.13693
1.41972175e+09 2.14157
1.41972575e+09 2.13948
1.41972975e+09 2.13879
1.41973375e+09 2.128
1.41973775e+09 2.12381
1.41974175e+09 2.12398
1.41974575e+09 2.13793
1.41974975e+09 2.13305
1.41975375e+09 2.11958
1.41975775e+09 2.13497
1.41976175e+09 2.1269
1.41976575e+09 2.11928
1.41976975e+09 2.14513
1.41977375e+09 2.13952
1.41977775e+09 2.12778
1.41978175e+09 2.14476
1.41978575e+09 2.14239
1.41978975e+09 2.14381
1.41979375e+09 2.1395
1.41979775e+09 2.14482
1.41980175e+09 2.15471
1.41980575e+09 2.14955
1.41980975e+09 2.14733
1.41981375e+09 2.15423
1.41981775e+09 2.15142
1.41982175e+09 2.14798
1.41982575e+09 2.15832
1.41982975e+09 2.1844
1.41983375e+09 2.14574
1.41983775e+09 2.15026
1.41984175e+09 2.16344
1.41984575e+09 2.16616
1.41984975e+09 2.1668
1.41985375e+09 2.16434
1.41985775e+09 2.16319
1.41986175e+09 2.1618
1.41986575e+09 2.16457
1.41986975e+09 2.16158
1.41987375e+09 2.17346
1.41987775e+09 2.16971
1.41988175e+09 2.1649
1.41988575e+09 2.17576
1.41988975e+09 2.1814
1.41989375e+09 2.16235
1.41989775e+09 2.16718
1.41990175e+09 2.16383
1.41990575e+09 2.14742
1.41990975e+09 2.17029
1.41991375e+09 2.18834
1.41991775e+09 2.17945
1.41992175e+09 2.16737
1.41992575e+09 2.19468
1.41992975e+09 2.18032
1.41993375e+09 2.18196
1.41993775e+09 2.17947
1.41994175e+09 2.19208
1.41994575e+09 2.17269
1.41994975e+09 2.18858
1.41995375e+09 2.18475
1.41995775e+09 2.19624
1.41996175e+09 2.17878
1.41996575e+09 2.18691
1.41996975e+09 2.18706
1.41997375e+09 2.19753
1.41997775e+09 2.18865
1.41998175e+09 2.18638
1.41998575e+09 2.19433
1.41998975e+09 2.19265
1.41999375e+09 2.19103
1.41999775e+09 2.20565
1.42000175e+09 2.19563
1.42000575e+09 2.21586
1.42000975e+09 2.20303
1.42001375e+09 2.21283
1.42001775e+09 2.19642
1.42002175e+09 2.18079
1.42002575e+09 2.19896
1.42002975e+09 2.2014
1.42003375e+09 2.21224
1.42003775e+09 2.20252
1.42004175e+09 2.21613
1.42004575e+09 2.21968
1.42004975e+09 2.21893
1.42005375e+09 2.20164
1.42005775e+09 2.18932
1.42006175e+09 2.21094
1.42006575e+09 2.19228
1.42006975e+09 2.20449
1.42007375e+09 2.21519
1.42007775e+09 2.20348
1.42008175e+09 2.21759
1.42008575e+09 2.21357
1.42008975e+09 2.22144
1.42009375e+09 2.22873
1.42009775e+09 2.23932
1.42010175e+09 2.22682
1.42010575e+09 2.23047
1.42010975e+09 2.23027
1.42011375e+09 2.23873
1.42011775e+09 2.23489
1.42012175e+09 2.24131
1.42012575e+09 2.24025
1.42012975e+09 2.2197
1.42013375e+09 2.21443
1.42013775e+09 2.23165
1.42014175e+09 2.24214
1.42014575e+09 2.22499
1.42014975e+09 2.17532
1.42015375e+09 2.06972
1.42015775e+09 2.23928
1.42016175e+09 2.24813
1.42016575e+09 2.24712
1.42016975e+09 2.24239
1.42017375e+09 2.25434
1.42017775e+09 2.24628
1.42018175e+09 2.25757
1.42018575e+09 2.24913
1.42018975e+09 2.24649
1.42019375e+09 2.22144
1.42019775e+09 2.24002
1.42020175e+09 2.24387
1.42020575e+09 2.22663
1.42020975e+09 2.23708
1.42021375e+09 2.23144
1.42021775e+09 2.23304
1.42022175e+09 2.23003
1.42022575e+09 2.22554
1.42022975e+09 2.2362
1.42023375e+09 2.22735
1.42023775e+09 2.23249
1.42024175e+09 2.20598
1.42024575e+09 2.19878
1.42024975e+09 2.2053
1.42025375e+09 2.18807
1.42025775e+09 2.19291
1.42026175e+09 2.19045
1.42026575e+09 2.17965
1.42026975e+09 2.17813
1.42027375e+09 2.17468
1.42027775e+09 2.19891
1.42028175e+09 2.20447
1.42028575e+09 2.21057
1.42028975e+09 2.24141
1.42029375e+09 2.23889
1.42029775e+09 2.24183
1.42030175e+09 2.26091
1.42030575e+09 2.27537
1.42030975e+09 2.29349
1.42031375e+09 2.29598
1.42031775e+09 2.30786
1.42032175e+09 2.3088
1.42032575e+09 2.32764
1.42032975e+09 2.35551
1.42033375e+09 2.34156
1.42033775e+09 2.35783
1.42034175e+09 2.39562
1.42034575e+09 2.39499
1.42034975e+09 2.42268
1.42035375e+09 2.44543
1.42035775e+09 2.48291
1.42036175e+09 2.51271
1.42036575e+09 2.53263
1.42036975e+09 2.59126
1.42037375e+09 2.61336
1.42037775e+09 2.66072
1.42038175e+09 2.6948
1.42038575e+09 2.74318
1.42038975e+09 2.79261
1.42039375e+09 2.82644
1.42039775e+09 2.86977
1.42040175e+09 2.92006
1.42040575e+09 2.9568
1.42040975e+09 2.99338
1.42041375e+09 3.01616
1.42041775e+09 3.03038
1.42042175e+09 3.05882
1.42042575e+09 3.05913
1.42042975e+09 3.10185
1.42043375e+09 3.10828
1.42043775e+09 3.12684
1.42044175e+09 3.1516
1.42044575e+09 3.15366
1.42044975e+09 3.14744
1.42045375e+09 3.16316
1.42045775e+09 3.14444
1.42046175e+09 3.16125
1.42046575e+09 3.15903
1.42046975e+09 3.14738
1.42047375e+09 3.13472
1.42047775e+09 3.11599
1.42048175e+09 3.12004
1.42048575e+09 3.10582
1.42048975e+09 3.07868
1.42049375e+09 3.06897
1.42049775e+09 3.03738
1.42050175e+09 3.00209
1.42050575e+09 2.98766
1.42050975e+09 2.96355
1.42051375e+09 2.90184
1.42051775e+09 2.89116
1.42052175e+09 2.84464
1.42052575e+09 2.819
1.42052975e+09 2.78175
1.42053375e+09 2.76443
1.42053775e+09 2.73419
1.42054175e+09 2.70188
1.42054575e+09 2.68058
1.42054975e+09 2.66831
1.42055375e+09 2.66697
1.42055775e+09 2.63831
1.42056175e+09 2.62521
1.42056575e+09 2.60339
1.42056975e+09 2.59748
1.42057375e+09 2.59397
1.42057775e+09 2.56445
1.42058175e+09 2.56426
1.42058575e+09 2.56464
1.42058975e+09 2.57064
1.42059375e+09 2.56652
1.42059775e+09 2.55238
1.42060175e+09 2.5679
1.42060575e+09 2.57796
1.42060975e+09 2.58324
1.42061375e+09 2.60183
1.42061775e+09 2.61593
1.42062175e+09 2.61258
1.42062575e+09 2.60406
1.42062975e+09 2.61909
1.42063375e+09 2.62139
1.42063775e+09 2.62979
1.42064175e+09 2.6175
1.42064575e+09 2.63119
1.42064975e+09 2.63798
1.42065375e+09 2.63799
1.42065775e+09 2.63767
1.42066175e+09 2.63338
1.42066575e+09 2.62971
1.42066975e+09 2.63509
1.42067375e+09 2.61003
1.42067775e+09 2.6097
1.42068175e+09 2.60778
1.42068575e+09 2.61238
1.42068975e+09 2.5932
1.42069375e+09 2.58212
1.42069775e+09 2.59119
1.42070175e+09 2.59681
1.42070575e+09 2.57525
1.42070975e+09 2.56438
1.42071375e+09 2.57747
1.42071775e+09 2.57802
1.42072175e+09 2.57214
1.42072575e+09 2.57757
1.42072975e+09 2.5806
1.42073375e+09 2.56141
1.42073775e+09 2.57143
1.42074175e+09 2.57264
1.42074575e+09 2.57447
1.42074975e+09 2.58034
1.42075375e+09 2.58403
1.42075775e+09 2.59854
1.42076175e+09 2.61861
1.42076575e+09 2.61584
1.42076975e+09 2.62272
1.42077375e+09 2.63498
1.42077775e+09 2.63404
1.42078175e+09 2.64985
1.42078575e+09 2.6768
1.42078975e+09 2.66581
1.42079375e+09 2.67964
1.42079775e+09 2.67734
1.42080175e+09 2.69344
1.42080575e+09 2.70299
1.42080975e+09 2.69483
1.42081375e+09 2.67794
1.42081775e+09 2.69052
1.42082175e+09 2.65885
1.42082575e+09 2.68848
1.42082975e+09 2.68021
1.42083375e+09 2.68738
1.42083775e+09 2.67975
1.42084175e+09 2.67793
1.42084575e+09 2.67091
1.42084975e+09 2.66162
1.42085375e+09 2.65713
1.42085775e+09 2.65509
1.42086175e+09 2.63949
1.42086575e+09 2.63844
1.42086975e+09 2.63226
1.42087375e+09 2.6043
1.42087775e+09 2.59657
1.42088175e+09 2.61516
1.42088575e+09 2.60318
1.42088975e+09 2.58271
1.42089375e+09 2.56014
1.42089775e+09 2.56148
1.42090175e+09 2.55679
1.42090575e+09 2.55031
1.42090975e+09 2.5342
1.42091375e+09 2.52979
1.42091775e+09 2.50982
1.42092175e+09 2.52027
1.42092575e+09 2.51203
1.42092975e+09 2.51527
1.42093375e+09 2.51391
1.42093775e+09 2.49269
1.42094175e+09 2.49388
1.42094575e+09 2.47213
1.42094975e+09 2.44997
1.42095375e+09 2.46578
1.42095775e+09 2.48122
1.42096175e+09 2.47815
1.42096575e+09 2.47626
1.42096975e+09 2.48022
1.42097375e+09 2.47241
1.42097775e+09 2.46573
1.42098175e+09 2.45958
1.42098575e+09 2.4569
1.42098975e+09 2.47011
1.42099375e+09 2.46558
1.42099775e+09 2.47128
1.42100175e+09 2.46259
1.42100575e+09 2.44912
1.42100975e+09 2.45452
1.42101375e+09 2.44843
1.42101775e+09 2.44755
1.42102175e+09 2.45569
1.42102575e+09 2.43533
1.42102975e+09 2.45239
1.42103375e+09 2.43072
1.42103775e+09 2.42435
1.42104175e+09 2.44766
1.42104575e+09 2.42894
1.42104975e+09 2.4443
1.42105375e+09 2.44065
1.42105775e+09 2.43049
1.42106175e+09 2.43037
1.42106575e+09 2.42568
1.42106975e+09 2.43296
1.42107375e+09 2.46761
1.42107775e+09 2.45918
1.42108175e+09 2.43784
1.42108575e+09 2.43843
1.42108975e+09 2.43937
1.42109375e+09 2.42783
1.42109775e+09 2.4503
1.42110175e+09 2.42677
1.42110575e+09 2.42779
1.42110975e+09 2.43447
1.42111375e+09 2.41031
1.42111775e+09 2.41242
1.42112175e+09 2.4185
1.42112575e+09 2.42845
1.42112975e+09 2.42089
1.42113375e+09 2.42236
1.42113775e+09 2.43192
1.42114175e+09 2.41765
1.42114575e+09 2.42893
1.42114975e+09 2.42876
1.42115375e+09 2.40269
1.42115775e+09 2.41881
1.42116175e+09 2.43056
1.42116575e+09 2.42346
1.42116975e+09 2.42387
1.42117375e+09 2.4143
1.42117775e+09 2.40944
1.42118175e+09 2.41116
1.42118575e+09 2.42409
1.42118975e+09 2.41149
1.42119375e+09 2.40999
1.42119775e+09 2.4182
1.42120175e+09 2.42958
1.42120575e+09 2.41806
1.42120975e+09 2.42583
1.42121375e+09 2.43181
1.42121775e+09 2.41511
1.42122175e+09 2.42424
1.42122575e+09 2.42877
1.42122975e+09 2.41969
1.42123375e+09 2.41857
1.42123775e+09 2.41673
1.42124175e+09 2.42012
1.42124575e+09 2.4131
1.42124975e+09 2.41854
1.42125375e+09 2.419
1.42125775e+09 2.39734
1.42126175e+09 2.40994
1.42126575e+09 2.40808
1.42126975e+09 2.40166
1.42127375e+09 2.40437
1.42127775e+09 2.40592
1.42128175e+09 2.41294
1.42128575e+09 2.40458
1.42128975e+09 2.3959
1.42129375e+09 2.3962
1.42129775e+09 2.39103
1.42130175e+09 2.38671
1.42130575e+09 2.40589
1.42130975e+09 2.39541
1.42131375e+09 2.38205
1.42131775e+09 2.39475
1.42132175e+09 2.39
1.42132575e+09 2.38592
1.42132975e+09 2.37235
1.42133375e+09 2.37642
1.42133775e+09 2.36242
1.42134175e+09 2.37494
1.42134575e+09 2.36984
1.42134975e+09 2.37225
1.42135375e+09 2.35237
1.42135775e+09 2.35155
1.42136175e+09 2.34411
1.42136575e+09 2.33342
1.42136975e+09 2.34585
1.42137375e+09 2.35734
1.42137775e+09 2.33256
1.42138175e+09 2.32828
1.42138575e+09 2.34853
1.42138975e+09 2.32873
1.42139375e+09 2.32446
1.42139775e+09 2.33323
1.42140175e+09 2.32565


