# rtl-power-fftw output
# antenne_richting: 058
# antenne_elevatie: 32
# dark: dark20170829153246
# -b: 500
# -t: 150
# -g: 300
# -p: 0
# continue: N
# Acquisition start: 2017-08-29 15:50:06 UTC
# Acquisition end: 2017-08-29 15:52:38 UTC
#
# frequency [Hz] power spectral density [dB/Hz]
1.4195e+09 0.879966
1.419504e+09 0.869951
1.419508e+09 0.885175
1.419512e+09 0.88821
1.419516e+09 0.884834
1.41952e+09 0.893863
1.419524e+09 0.888202
1.419528e+09 0.891214
1.419532e+09 0.88144
1.419536e+09 0.885758
1.41954e+09 0.881816
1.419544e+09 0.868687
1.419548e+09 0.874499
1.419552e+09 0.875018
1.419556e+09 0.852763
1.41956e+09 0.859176
1.419564e+09 0.865239
1.419568e+09 0.837389
1.419572e+09 0.850863
1.419576e+09 0.845888
1.41958e+09 0.844878
1.419584e+09 0.828842
1.419588e+09 0.826081
1.419592e+09 0.832114
1.419596e+09 0.819378
1.4196e+09 0.820593
1.419604e+09 0.805294
1.419608e+09 0.794696
1.419612e+09 0.808454
1.419616e+09 0.796568
1.41962e+09 0.800662
1.419624e+09 0.798371
1.419628e+09 0.789538
1.419632e+09 0.783831
1.419636e+09 0.795517
1.41964e+09 0.778998
1.419644e+09 0.789525
1.419648e+09 0.784488
1.419652e+09 0.784909
1.419656e+09 0.788926
1.41966e+09 0.791434
1.419664e+09 0.773595
1.419668e+09 0.785675
1.419672e+09 0.792584
1.419676e+09 0.780845
1.41968e+09 0.782031
1.419684e+09 0.800206
1.419688e+09 0.785849
1.419692e+09 0.790237
1.419696e+09 0.774325
1.4197e+09 0.779263
1.419704e+09 0.772754
1.419708e+09 0.789174
1.419712e+09 0.771671
1.419716e+09 0.793908
1.41972e+09 0.783663
1.419724e+09 0.787253
1.419728e+09 0.802055
1.419732e+09 0.773553
1.419736e+09 0.784218
1.41974e+09 0.78596
1.419744e+09 0.788086
1.419748e+09 0.788776
1.419752e+09 0.785496
1.419756e+09 0.790931
1.41976e+09 0.794992
1.419764e+09 0.776496
1.419768e+09 0.789435
1.419772e+09 0.782318
1.419776e+09 0.802687
1.41978e+09 0.81091
1.419784e+09 0.796289
1.419788e+09 0.791279
1.419792e+09 0.797627
1.419796e+09 0.796127
1.4198e+09 0.819749
1.419804e+09 0.794549
1.419808e+09 0.805379
1.419812e+09 0.806562
1.419816e+09 0.80179
1.41982e+09 0.798055
1.419824e+09 0.793986
1.419828e+09 0.798789
1.419832e+09 0.78572
1.419836e+09 0.80503
1.41984e+09 0.811806
1.419844e+09 0.805043
1.419848e+09 0.799009
1.419852e+09 0.797111
1.419856e+09 0.786966
1.41986e+09 0.796553
1.419864e+09 0.807768
1.419868e+09 0.805972
1.419872e+09 0.798199
1.419876e+09 0.808928
1.41988e+09 0.810801
1.419884e+09 0.813448
1.419888e+09 0.810585
1.419892e+09 0.814004
1.419896e+09 0.807301
1.4199e+09 0.806006
1.419904e+09 0.807033
1.419908e+09 0.827006
1.419912e+09 0.809291
1.419916e+09 0.801795
1.41992e+09 0.811358
1.419924e+09 0.829155
1.419928e+09 0.801754
1.419932e+09 0.802229
1.419936e+09 0.798537
1.41994e+09 0.820061
1.419944e+09 0.807364
1.419948e+09 0.80761
1.419952e+09 0.812104
1.419956e+09 0.81173
1.41996e+09 0.832211
1.419964e+09 0.814873
1.419968e+09 0.813189
1.419972e+09 0.828024
1.419976e+09 0.816226
1.41998e+09 0.821004
1.419984e+09 0.819999
1.419988e+09 0.823891
1.419992e+09 0.824983
1.419996e+09 0.814634
1.42e+09 0.809278
1.420004e+09 0.823566
1.420008e+09 0.827906
1.420012e+09 0.825101
1.420016e+09 0.811226
1.42002e+09 0.828514
1.420024e+09 0.832117
1.420028e+09 0.833628
1.420032e+09 0.828664
1.420036e+09 0.82586
1.42004e+09 0.809019
1.420044e+09 0.812956
1.420048e+09 0.819976
1.420052e+09 0.833345
1.420056e+09 0.826471
1.42006e+09 0.823943
1.420064e+09 0.823218
1.420068e+09 0.829746
1.420072e+09 0.829072
1.420076e+09 0.827224
1.42008e+09 0.824944
1.420084e+09 0.841798
1.420088e+09 0.834989
1.420092e+09 0.837501
1.420096e+09 0.8376
1.4201e+09 0.8408
1.420104e+09 0.840535
1.420108e+09 0.84459
1.420112e+09 0.827707
1.420116e+09 0.814296
1.42012e+09 0.825067
1.420124e+09 0.839036
1.420128e+09 0.834371
1.420132e+09 0.826229
1.420136e+09 0.847267
1.42014e+09 0.837555
1.420144e+09 0.846834
1.420148e+09 0.84104
1.420152e+09 0.850796
1.420156e+09 0.852952
1.42016e+09 0.838997
1.420164e+09 0.848289
1.420168e+09 0.833945
1.420172e+09 0.83459
1.420176e+09 0.841305
1.42018e+09 0.839121
1.420184e+09 0.843164
1.420188e+09 0.854219
1.420192e+09 0.841144
1.420196e+09 0.845388
1.4202e+09 0.860206
1.420204e+09 0.852776
1.420208e+09 0.843402
1.420212e+09 0.853675
1.420216e+09 0.849934
1.42022e+09 0.856033
1.420224e+09 0.841777
1.420228e+09 0.835517
1.420232e+09 0.851716
1.420236e+09 0.863774
1.42024e+09 0.840648
1.420244e+09 0.787793
1.420248e+09 0.686581
1.420252e+09 0.84443
1.420256e+09 0.870767
1.42026e+09 0.862757
1.420264e+09 0.851716
1.420268e+09 0.865681
1.420272e+09 0.850788
1.420276e+09 0.879747
1.42028e+09 0.85223
1.420284e+09 0.866866
1.420288e+09 0.846926
1.420292e+09 0.849064
1.420296e+09 0.850815
1.4203e+09 0.85878
1.420304e+09 0.865109
1.420308e+09 0.845074
1.420312e+09 0.861556
1.420316e+09 0.857079
1.42032e+09 0.846674
1.420324e+09 0.834376
1.420328e+09 0.843624
1.420332e+09 0.837144
1.420336e+09 0.829804
1.42034e+09 0.825462
1.420344e+09 0.817395
1.420348e+09 0.801295
1.420352e+09 0.821818
1.420356e+09 0.816267
1.42036e+09 0.801709
1.420364e+09 0.805213
1.420368e+09 0.811267
1.420372e+09 0.832627
1.420376e+09 0.846354
1.42038e+09 0.867732
1.420384e+09 0.906947
1.420388e+09 0.913171
1.420392e+09 0.936336
1.420396e+09 0.96291
1.4204e+09 0.993822
1.420404e+09 1.02253
1.420408e+09 1.05489
1.420412e+09 1.05925
1.420416e+09 1.08743
1.42042e+09 1.12344
1.420424e+09 1.15794
1.420428e+09 1.19684
1.420432e+09 1.22026
1.420436e+09 1.26682
1.42044e+09 1.28817
1.420444e+09 1.33242
1.420448e+09 1.34693
1.420452e+09 1.36971
1.420456e+09 1.39245
1.42046e+09 1.39971
1.420464e+09 1.43805
1.420468e+09 1.43795
1.420472e+09 1.4513
1.420476e+09 1.45018
1.42048e+09 1.45822
1.420484e+09 1.45953
1.420488e+09 1.43809
1.420492e+09 1.43929
1.420496e+09 1.43187
1.4205e+09 1.42427
1.420504e+09 1.41674
1.420508e+09 1.38442
1.420512e+09 1.37928
1.420516e+09 1.3838
1.42052e+09 1.35172
1.420524e+09 1.35731
1.420528e+09 1.35048
1.420532e+09 1.32963
1.420536e+09 1.31776
1.42054e+09 1.31614
1.420544e+09 1.29349
1.420548e+09 1.26422
1.420552e+09 1.24947
1.420556e+09 1.23982
1.42056e+09 1.2159
1.420564e+09 1.20991
1.420568e+09 1.18459
1.420572e+09 1.16589
1.420576e+09 1.15955
1.42058e+09 1.15237
1.420584e+09 1.13741
1.420588e+09 1.11579
1.420592e+09 1.11922
1.420596e+09 1.1
1.4206e+09 1.10309
1.420604e+09 1.10142
1.420608e+09 1.07194
1.420612e+09 1.08295
1.420616e+09 1.07463
1.42062e+09 1.071
1.420624e+09 1.0776
1.420628e+09 1.08646
1.420632e+09 1.08177
1.420636e+09 1.08571
1.42064e+09 1.07819
1.420644e+09 1.09963
1.420648e+09 1.11844
1.420652e+09 1.11101
1.420656e+09 1.1211
1.42066e+09 1.12955
1.420664e+09 1.13619
1.420668e+09 1.15073
1.420672e+09 1.13576
1.420676e+09 1.1461
1.42068e+09 1.15792
1.420684e+09 1.1559
1.420688e+09 1.15641
1.420692e+09 1.14414
1.420696e+09 1.15827
1.4207e+09 1.15008
1.420704e+09 1.1346
1.420708e+09 1.13611
1.420712e+09 1.13238
1.420716e+09 1.13755
1.42072e+09 1.12374
1.420724e+09 1.13234
1.420728e+09 1.10714
1.420732e+09 1.12424
1.420736e+09 1.09876
1.42074e+09 1.09041
1.420744e+09 1.09379
1.420748e+09 1.07264
1.420752e+09 1.08324
1.420756e+09 1.0711
1.42076e+09 1.0792
1.420764e+09 1.09086
1.420768e+09 1.08055
1.420772e+09 1.06919
1.420776e+09 1.07602
1.42078e+09 1.09631
1.420784e+09 1.09212
1.420788e+09 1.09502
1.420792e+09 1.10649
1.420796e+09 1.12824
1.4208e+09 1.11749
1.420804e+09 1.13099
1.420808e+09 1.13667
1.420812e+09 1.14224
1.420816e+09 1.15815
1.42082e+09 1.1655
1.420824e+09 1.17406
1.420828e+09 1.16502
1.420832e+09 1.17377
1.420836e+09 1.16979
1.42084e+09 1.16996
1.420844e+09 1.16639
1.420848e+09 1.16967
1.420852e+09 1.1781
1.420856e+09 1.17359
1.42086e+09 1.15804
1.420864e+09 1.14823
1.420868e+09 1.1596
1.420872e+09 1.15207
1.420876e+09 1.13456
1.42088e+09 1.13868
1.420884e+09 1.14029
1.420888e+09 1.10845
1.420892e+09 1.11453
1.420896e+09 1.11507
1.4209e+09 1.09384
1.420904e+09 1.09681
1.420908e+09 1.08269
1.420912e+09 1.06975
1.420916e+09 1.04768
1.42092e+09 1.07382
1.420924e+09 1.05898
1.420928e+09 1.07991
1.420932e+09 1.06361
1.420936e+09 1.06148
1.42094e+09 1.06085
1.420944e+09 1.04052
1.420948e+09 1.03634
1.420952e+09 1.02092
1.420956e+09 1.03642
1.42096e+09 1.03362
1.420964e+09 1.02784
1.420968e+09 1.00182
1.420972e+09 0.992885
1.420976e+09 1.00542
1.42098e+09 1.01803
1.420984e+09 0.996104
1.420988e+09 0.971887
1.420992e+09 0.990043
1.420996e+09 0.982218
1.421e+09 0.989808
1.421004e+09 0.981828
1.421008e+09 0.974599
1.421012e+09 0.974775
1.421016e+09 0.988137
1.42102e+09 0.985504
1.421024e+09 0.9745
1.421028e+09 0.988188
1.421032e+09 0.973013
1.421036e+09 0.969619
1.42104e+09 0.963247
1.421044e+09 0.923162
1.421048e+09 0.961301
1.421052e+09 0.953019
1.421056e+09 0.973586
1.42106e+09 0.957779
1.421064e+09 0.955732
1.421068e+09 0.955379
1.421072e+09 0.948171
1.421076e+09 0.953158
1.42108e+09 0.959661
1.421084e+09 0.967427
1.421088e+09 0.952462
1.421092e+09 0.957692
1.421096e+09 0.949032
1.4211e+09 0.940765
1.421104e+09 0.951968
1.421108e+09 0.956916
1.421112e+09 0.957876
1.421116e+09 0.953475
1.42112e+09 0.939631
1.421124e+09 0.953317
1.421128e+09 0.939682
1.421132e+09 0.950919
1.421136e+09 0.965263
1.42114e+09 0.942625
1.421144e+09 0.943606
1.421148e+09 0.951039
1.421152e+09 0.955439
1.421156e+09 0.948217
1.42116e+09 0.940348
1.421164e+09 0.953147
1.421168e+09 0.964911
1.421172e+09 0.954087
1.421176e+09 0.939278
1.42118e+09 0.943958
1.421184e+09 0.949119
1.421188e+09 0.950859
1.421192e+09 0.960771
1.421196e+09 0.949031
1.4212e+09 0.949471
1.421204e+09 0.957919
1.421208e+09 0.93271
1.421212e+09 0.958943
1.421216e+09 0.944702
1.42122e+09 0.947584
1.421224e+09 0.951017
1.421228e+09 0.947567
1.421232e+09 0.943299
1.421236e+09 0.950409
1.42124e+09 0.935878
1.421244e+09 0.945523
1.421248e+09 0.937318
1.421252e+09 0.936653
1.421256e+09 0.934236
1.42126e+09 0.943017
1.421264e+09 0.937115
1.421268e+09 0.944611
1.421272e+09 0.946952
1.421276e+09 0.933456
1.42128e+09 0.944886
1.421284e+09 0.929202
1.421288e+09 0.940227
1.421292e+09 0.939085
1.421296e+09 0.951301
1.4213e+09 0.941643
1.421304e+09 0.952033
1.421308e+09 0.938052
1.421312e+09 0.929182
1.421316e+09 0.940469
1.42132e+09 0.944713
1.421324e+09 0.940615
1.421328e+09 0.9368
1.421332e+09 0.9334
1.421336e+09 0.930769
1.42134e+09 0.927318
1.421344e+09 0.939658
1.421348e+09 0.93464
1.421352e+09 0.915219
1.421356e+09 0.933648
1.42136e+09 0.935405
1.421364e+09 0.91235
1.421368e+09 0.922685
1.421372e+09 0.935278
1.421376e+09 0.927045
1.42138e+09 0.933553
1.421384e+09 0.917784
1.421388e+09 0.930604
1.421392e+09 0.919239
1.421396e+09 0.920786
1.4214e+09 0.93185
1.421404e+09 0.911162
1.421408e+09 0.909477
1.421412e+09 0.914446
1.421416e+09 0.913513
1.42142e+09 0.911567
1.421424e+09 0.914496
1.421428e+09 0.911668
1.421432e+09 0.909805
1.421436e+09 0.911648
1.42144e+09 0.912077
1.421444e+09 0.915929
1.421448e+09 0.895542
1.421452e+09 0.892999
1.421456e+09 0.90174
1.42146e+09 0.897376
1.421464e+09 0.911471
1.421468e+09 0.924486
1.421472e+09 0.901169
1.421476e+09 0.908626
1.42148e+09 0.898107
1.421484e+09 0.900796
1.421488e+09 0.905247
1.421492e+09 0.896382
1.421496e+09 0.890856


