# rtl-power-fftw output
# galactisch: 084
# antenne: 194-81
# dark: dark20170829153246
# data: A084_20170919204427
# -b: 500
# -t: 150
# -g: 300
# -p: 0
# Acquisition start: 2017-09-19 20:44:28 UTC
# Acquisition end: 2017-09-19 20:47:00 UTC
#
# frequency [Hz] power spectral density [dB/Hz]
1.41940575e+09 2.311
1.41940975e+09 2.29121
1.41941375e+09 2.2988
1.41941775e+09 2.2928
1.41942175e+09 2.29636
1.41942575e+09 2.29098
1.41942975e+09 2.29557
1.41943375e+09 2.26635
1.41943775e+09 2.25491
1.41944175e+09 2.24396
1.41944575e+09 2.25823
1.41944975e+09 2.23575
1.41945375e+09 2.23616
1.41945775e+09 2.21604
1.41946175e+09 2.2102
1.41946575e+09 2.19319
1.41946975e+09 2.20851
1.41947375e+09 2.18388
1.41947775e+09 2.1775
1.41948175e+09 2.16567
1.41948575e+09 2.15431
1.41948975e+09 2.14768
1.41949375e+09 2.14578
1.41949775e+09 2.12179
1.41950175e+09 2.12566
1.41950575e+09 2.11821
1.41950975e+09 2.11521
1.41951375e+09 2.1024
1.41951775e+09 2.09713
1.41952175e+09 2.07464
1.41952575e+09 2.08712
1.41952975e+09 2.09223
1.41953375e+09 2.07143
1.41953775e+09 2.0752
1.41954175e+09 2.08058
1.41954575e+09 2.05957
1.41954975e+09 2.07236
1.41955375e+09 2.06043
1.41955775e+09 2.06154
1.41956175e+09 2.07304
1.41956575e+09 2.07488
1.41956975e+09 2.05472
1.41957375e+09 2.0698
1.41957775e+09 2.07687
1.41958175e+09 2.07584
1.41958575e+09 2.06224
1.41958975e+09 2.07087
1.41959375e+09 2.0515
1.41959775e+09 2.04981
1.41960175e+09 2.03975
1.41960575e+09 2.06042
1.41960975e+09 2.06518
1.41961375e+09 2.07253
1.41961775e+09 2.06353
1.41962175e+09 2.07245
1.41962575e+09 2.07747
1.41962975e+09 2.08184
1.41963375e+09 2.08313
1.41963775e+09 2.07039
1.41964175e+09 2.08289
1.41964575e+09 2.08655
1.41964975e+09 2.08317
1.41965375e+09 2.08431
1.41965775e+09 2.08475
1.41966175e+09 2.09296
1.41966575e+09 2.09675
1.41966975e+09 2.06384
1.41967375e+09 2.09088
1.41967775e+09 2.09302
1.41968175e+09 2.09355
1.41968575e+09 2.10611
1.41968975e+09 2.11346
1.41969375e+09 2.11414
1.41969775e+09 2.11616
1.41970175e+09 2.10512
1.41970575e+09 2.10715
1.41970975e+09 2.1025
1.41971375e+09 2.11501
1.41971775e+09 2.10492
1.41972175e+09 2.11716
1.41972575e+09 2.12569
1.41972975e+09 2.1172
1.41973375e+09 2.11966
1.41973775e+09 2.09496
1.41974175e+09 2.12268
1.41974575e+09 2.12502
1.41974975e+09 2.10139
1.41975375e+09 2.09699
1.41975775e+09 2.10381
1.41976175e+09 2.10558
1.41976575e+09 2.12276
1.41976975e+09 2.1227
1.41977375e+09 2.12714
1.41977775e+09 2.1213
1.41978175e+09 2.13108
1.41978575e+09 2.12759
1.41978975e+09 2.1339
1.41979375e+09 2.11274
1.41979775e+09 2.13329
1.41980175e+09 2.1228
1.41980575e+09 2.11919
1.41980975e+09 2.13583
1.41981375e+09 2.13848
1.41981775e+09 2.13942
1.41982175e+09 2.12676
1.41982575e+09 2.1416
1.41982975e+09 2.16088
1.41983375e+09 2.12569
1.41983775e+09 2.1369
1.41984175e+09 2.14087
1.41984575e+09 2.14206
1.41984975e+09 2.1402
1.41985375e+09 2.1458
1.41985775e+09 2.16168
1.41986175e+09 2.14913
1.41986575e+09 2.15936
1.41986975e+09 2.14313
1.41987375e+09 2.14425
1.41987775e+09 2.15262
1.41988175e+09 2.14714
1.41988575e+09 2.15462
1.41988975e+09 2.16056
1.41989375e+09 2.15736
1.41989775e+09 2.15377
1.41990175e+09 2.13814
1.41990575e+09 2.13462
1.41990975e+09 2.15565
1.41991375e+09 2.16978
1.41991775e+09 2.16488
1.41992175e+09 2.15526
1.41992575e+09 2.16162
1.41992975e+09 2.16594
1.41993375e+09 2.18005
1.41993775e+09 2.18106
1.41994175e+09 2.16417
1.41994575e+09 2.15483
1.41994975e+09 2.16393
1.41995375e+09 2.16449
1.41995775e+09 2.16537
1.41996175e+09 2.16534
1.41996575e+09 2.17069
1.41996975e+09 2.17895
1.41997375e+09 2.1968
1.41997775e+09 2.17675
1.41998175e+09 2.17821
1.41998575e+09 2.17569
1.41998975e+09 2.18712
1.41999375e+09 2.18335
1.41999775e+09 2.19024
1.42000175e+09 2.18229
1.42000575e+09 2.20637
1.42000975e+09 2.18216
1.42001375e+09 2.20365
1.42001775e+09 2.17041
1.42002175e+09 2.1528
1.42002575e+09 2.19018
1.42002975e+09 2.18342
1.42003375e+09 2.19333
1.42003775e+09 2.18514
1.42004175e+09 2.19887
1.42004575e+09 2.19206
1.42004975e+09 2.19892
1.42005375e+09 2.19325
1.42005775e+09 2.1771
1.42006175e+09 2.2047
1.42006575e+09 2.18311
1.42006975e+09 2.20095
1.42007375e+09 2.1912
1.42007775e+09 2.20324
1.42008175e+09 2.21096
1.42008575e+09 2.1977
1.42008975e+09 2.20668
1.42009375e+09 2.21482
1.42009775e+09 2.20756
1.42010175e+09 2.20167
1.42010575e+09 2.22114
1.42010975e+09 2.21309
1.42011375e+09 2.21375
1.42011775e+09 2.21833
1.42012175e+09 2.22504
1.42012575e+09 2.21965
1.42012975e+09 2.20276
1.42013375e+09 2.20057
1.42013775e+09 2.22572
1.42014175e+09 2.22027
1.42014575e+09 2.20665
1.42014975e+09 2.15834
1.42015375e+09 2.07623
1.42015775e+09 2.2282
1.42016175e+09 2.24689
1.42016575e+09 2.24081
1.42016975e+09 2.23326
1.42017375e+09 2.23755
1.42017775e+09 2.23113
1.42018175e+09 2.24191
1.42018575e+09 2.2326
1.42018975e+09 2.2422
1.42019375e+09 2.217
1.42019775e+09 2.22009
1.42020175e+09 2.2164
1.42020575e+09 2.21537
1.42020975e+09 2.22423
1.42021375e+09 2.22014
1.42021775e+09 2.22146
1.42022175e+09 2.2208
1.42022575e+09 2.2172
1.42022975e+09 2.22647
1.42023375e+09 2.20745
1.42023775e+09 2.21012
1.42024175e+09 2.18859
1.42024575e+09 2.17795
1.42024975e+09 2.23616
1.42025375e+09 2.17287
1.42025775e+09 2.18192
1.42026175e+09 2.18056
1.42026575e+09 2.17062
1.42026975e+09 2.16472
1.42027375e+09 2.16919
1.42027775e+09 2.18957
1.42028175e+09 2.18732
1.42028575e+09 2.19801
1.42028975e+09 2.21991
1.42029375e+09 2.22301
1.42029775e+09 2.23147
1.42030175e+09 2.23929
1.42030575e+09 2.25672
1.42030975e+09 2.26775
1.42031375e+09 2.27987
1.42031775e+09 2.2773
1.42032175e+09 2.2748
1.42032575e+09 2.29158
1.42032975e+09 2.30534
1.42033375e+09 2.30203
1.42033775e+09 2.31083
1.42034175e+09 2.31211
1.42034575e+09 2.33044
1.42034975e+09 2.35331
1.42035375e+09 2.36692
1.42035775e+09 2.37192
1.42036175e+09 2.38722
1.42036575e+09 2.40239
1.42036975e+09 2.43323
1.42037375e+09 2.43807
1.42037775e+09 2.47742
1.42038175e+09 2.50171
1.42038575e+09 2.53391
1.42038975e+09 2.5649
1.42039375e+09 2.58504
1.42039775e+09 2.62668
1.42040175e+09 2.6663
1.42040575e+09 2.71233
1.42040975e+09 2.75803
1.42041375e+09 2.79377
1.42041775e+09 2.8445
1.42042175e+09 2.87354
1.42042575e+09 2.91261
1.42042975e+09 2.94934
1.42043375e+09 2.9957
1.42043775e+09 3.0054
1.42044175e+09 3.05153
1.42044575e+09 3.06883
1.42044975e+09 3.08112
1.42045375e+09 3.10521
1.42045775e+09 3.08935
1.42046175e+09 3.10179
1.42046575e+09 3.11661
1.42046975e+09 3.11336
1.42047375e+09 3.09619
1.42047775e+09 3.09181
1.42048175e+09 3.093
1.42048575e+09 3.08237
1.42048975e+09 3.06225
1.42049375e+09 3.05703
1.42049775e+09 3.05356
1.42050175e+09 3.02723
1.42050575e+09 3.0249
1.42050975e+09 3.00999
1.42051375e+09 2.9496
1.42051775e+09 2.9455
1.42052175e+09 2.91247
1.42052575e+09 2.88581
1.42052975e+09 2.85935
1.42053375e+09 2.8313
1.42053775e+09 2.80615
1.42054175e+09 2.77751
1.42054575e+09 2.75366
1.42054975e+09 2.73324
1.42055375e+09 2.72317
1.42055775e+09 2.68616
1.42056175e+09 2.66506
1.42056575e+09 2.63901
1.42056975e+09 2.63723
1.42057375e+09 2.62059
1.42057775e+09 2.60959
1.42058175e+09 2.58317
1.42058575e+09 2.57252
1.42058975e+09 2.57735
1.42059375e+09 2.55848
1.42059775e+09 2.55816
1.42060175e+09 2.56474
1.42060575e+09 2.58053
1.42060975e+09 2.56859
1.42061375e+09 2.57762
1.42061775e+09 2.58555
1.42062175e+09 2.58622
1.42062575e+09 2.59388
1.42062975e+09 2.59554
1.42063375e+09 2.58218
1.42063775e+09 2.61471
1.42064175e+09 2.59548
1.42064575e+09 2.60348
1.42064975e+09 2.61926
1.42065375e+09 2.61028
1.42065775e+09 2.6246
1.42066175e+09 2.61381
1.42066575e+09 2.61673
1.42066975e+09 2.63465
1.42067375e+09 2.61024
1.42067775e+09 2.61651
1.42068175e+09 2.61896
1.42068575e+09 2.63037
1.42068975e+09 2.61095
1.42069375e+09 2.61226
1.42069775e+09 2.61544
1.42070175e+09 2.62561
1.42070575e+09 2.61282
1.42070975e+09 2.60893
1.42071375e+09 2.60584
1.42071775e+09 2.60293
1.42072175e+09 2.59769
1.42072575e+09 2.59915
1.42072975e+09 2.59885
1.42073375e+09 2.58725
1.42073775e+09 2.59122
1.42074175e+09 2.58449
1.42074575e+09 2.58679
1.42074975e+09 2.58761
1.42075375e+09 2.5896
1.42075775e+09 2.60838
1.42076175e+09 2.60316
1.42076575e+09 2.6142
1.42076975e+09 2.61598
1.42077375e+09 2.62927
1.42077775e+09 2.63794
1.42078175e+09 2.65253
1.42078575e+09 2.66543
1.42078975e+09 2.65711
1.42079375e+09 2.66221
1.42079775e+09 2.69672
1.42080175e+09 2.71194
1.42080575e+09 2.71769
1.42080975e+09 2.70959
1.42081375e+09 2.7084
1.42081775e+09 2.6895
1.42082175e+09 2.69494
1.42082575e+09 2.71812
1.42082975e+09 2.70428
1.42083375e+09 2.72049
1.42083775e+09 2.70847
1.42084175e+09 2.70523
1.42084575e+09 2.70453
1.42084975e+09 2.69749
1.42085375e+09 2.67447
1.42085775e+09 2.66225
1.42086175e+09 2.66463
1.42086575e+09 2.66992
1.42086975e+09 2.65859
1.42087375e+09 2.64283
1.42087775e+09 2.63122
1.42088175e+09 2.64269
1.42088575e+09 2.62956
1.42088975e+09 2.61684
1.42089375e+09 2.59478
1.42089775e+09 2.59609
1.42090175e+09 2.60059
1.42090575e+09 2.60211
1.42090975e+09 2.57913
1.42091375e+09 2.57453
1.42091775e+09 2.58132
1.42092175e+09 2.56392
1.42092575e+09 2.57014
1.42092975e+09 2.56016
1.42093375e+09 2.56302
1.42093775e+09 2.53833
1.42094175e+09 2.52174
1.42094575e+09 2.52142
1.42094975e+09 2.48205
1.42095375e+09 2.49918
1.42095775e+09 2.51734
1.42096175e+09 2.50846
1.42096575e+09 2.49709
1.42096975e+09 2.50432
1.42097375e+09 2.50241
1.42097775e+09 2.48113
1.42098175e+09 2.4803
1.42098575e+09 2.47457
1.42098975e+09 2.50816
1.42099375e+09 2.49532
1.42099775e+09 2.48473
1.42100175e+09 2.48163
1.42100575e+09 2.47956
1.42100975e+09 2.48561
1.42101375e+09 2.48151
1.42101775e+09 2.46464
1.42102175e+09 2.45566
1.42102575e+09 2.46184
1.42102975e+09 2.45928
1.42103375e+09 2.45223
1.42103775e+09 2.44479
1.42104175e+09 2.46188
1.42104575e+09 2.45289
1.42104975e+09 2.4514
1.42105375e+09 2.45496
1.42105775e+09 2.45393
1.42106175e+09 2.45903
1.42106575e+09 2.44335
1.42106975e+09 2.44309
1.42107375e+09 2.47127
1.42107775e+09 2.46321
1.42108175e+09 2.45114
1.42108575e+09 2.46498
1.42108975e+09 2.45809
1.42109375e+09 2.44464
1.42109775e+09 2.45519
1.42110175e+09 2.43806
1.42110575e+09 2.44895
1.42110975e+09 2.44157
1.42111375e+09 2.42825
1.42111775e+09 2.439
1.42112175e+09 2.44636
1.42112575e+09 2.43934
1.42112975e+09 2.43615
1.42113375e+09 2.43442
1.42113775e+09 2.44773
1.42114175e+09 2.43752
1.42114575e+09 2.4401
1.42114975e+09 2.43751
1.42115375e+09 2.42973
1.42115775e+09 2.42536
1.42116175e+09 2.43021
1.42116575e+09 2.44506
1.42116975e+09 2.43138
1.42117375e+09 2.42952
1.42117775e+09 2.42077
1.42118175e+09 2.42905
1.42118575e+09 2.4404
1.42118975e+09 2.42396
1.42119375e+09 2.4406
1.42119775e+09 2.42983
1.42120175e+09 2.43417
1.42120575e+09 2.42692
1.42120975e+09 2.44384
1.42121375e+09 2.44096
1.42121775e+09 2.42532
1.42122175e+09 2.43215
1.42122575e+09 2.43898
1.42122975e+09 2.43125
1.42123375e+09 2.40716
1.42123775e+09 2.43927
1.42124175e+09 2.42192
1.42124575e+09 2.42214
1.42124975e+09 2.44353
1.42125375e+09 2.43038
1.42125775e+09 2.39737
1.42126175e+09 2.41704
1.42126575e+09 2.42268
1.42126975e+09 2.41139
1.42127375e+09 2.41892
1.42127775e+09 2.42772
1.42128175e+09 2.41105
1.42128575e+09 2.41674
1.42128975e+09 2.38976
1.42129375e+09 2.40779
1.42129775e+09 2.39351
1.42130175e+09 2.41007
1.42130575e+09 2.40969
1.42130975e+09 2.39571
1.42131375e+09 2.39041
1.42131775e+09 2.4016
1.42132175e+09 2.40131
1.42132575e+09 2.38776
1.42132975e+09 2.36901
1.42133375e+09 2.38914
1.42133775e+09 2.36893
1.42134175e+09 2.39396
1.42134575e+09 2.37627
1.42134975e+09 2.37948
1.42135375e+09 2.36315
1.42135775e+09 2.35878
1.42136175e+09 2.36847
1.42136575e+09 2.34671
1.42136975e+09 2.35092
1.42137375e+09 2.36293
1.42137775e+09 2.34627
1.42138175e+09 2.35234
1.42138575e+09 2.34576
1.42138975e+09 2.34538
1.42139375e+09 2.32779
1.42139775e+09 2.32182
1.42140175e+09 2.31449


