# rtl-power-fftw output
# galactisch: 088
# antenne: 183-85
# dark: dark20170829153246
# data: A088_20170919204933
# -b: 500
# -t: 150
# -g: 300
# -p: 0
# Acquisition start: 2017-09-19 20:49:34 UTC
# Acquisition end: 2017-09-19 20:52:05 UTC
#
# frequency [Hz] power spectral density [dB/Hz]
1.41940575e+09 2.29839
1.41940975e+09 2.25648
1.41941375e+09 2.28301
1.41941775e+09 2.28274
1.41942175e+09 2.26904
1.41942575e+09 2.27384
1.41942975e+09 2.26837
1.41943375e+09 2.25147
1.41943775e+09 2.2342
1.41944175e+09 2.22245
1.41944575e+09 2.21273
1.41944975e+09 2.20574
1.41945375e+09 2.19958
1.41945775e+09 2.19011
1.41946175e+09 2.17749
1.41946575e+09 2.16906
1.41946975e+09 2.15882
1.41947375e+09 2.15122
1.41947775e+09 2.13322
1.41948175e+09 2.12745
1.41948575e+09 2.11411
1.41948975e+09 2.11156
1.41949375e+09 2.09865
1.41949775e+09 2.08239
1.41950175e+09 2.07287
1.41950575e+09 2.07242
1.41950975e+09 2.06683
1.41951375e+09 2.05581
1.41951775e+09 2.04435
1.41952175e+09 2.02904
1.41952575e+09 2.0395
1.41952975e+09 2.04312
1.41953375e+09 2.02647
1.41953775e+09 2.02169
1.41954175e+09 2.02449
1.41954575e+09 2.01752
1.41954975e+09 2.0218
1.41955375e+09 2.01444
1.41955775e+09 2.01567
1.41956175e+09 2.00798
1.41956575e+09 2.02977
1.41956975e+09 2.0043
1.41957375e+09 2.0148
1.41957775e+09 2.02105
1.41958175e+09 2.02237
1.41958575e+09 2.02332
1.41958975e+09 2.01604
1.41959375e+09 2.01384
1.41959775e+09 2.00035
1.41960175e+09 1.99754
1.41960575e+09 2.01302
1.41960975e+09 2.00553
1.41961375e+09 2.02137
1.41961775e+09 2.01185
1.41962175e+09 2.02451
1.41962575e+09 2.02565
1.41962975e+09 2.02317
1.41963375e+09 2.0394
1.41963775e+09 2.02464
1.41964175e+09 2.02807
1.41964575e+09 2.0192
1.41964975e+09 2.02962
1.41965375e+09 2.04524
1.41965775e+09 2.03016
1.41966175e+09 2.0419
1.41966575e+09 2.04462
1.41966975e+09 2.0262
1.41967375e+09 2.04712
1.41967775e+09 2.03022
1.41968175e+09 2.0597
1.41968575e+09 2.0532
1.41968975e+09 2.06706
1.41969375e+09 2.06347
1.41969775e+09 2.07087
1.41970175e+09 2.05379
1.41970575e+09 2.05847
1.41970975e+09 2.04368
1.41971375e+09 2.05857
1.41971775e+09 2.06452
1.41972175e+09 2.05978
1.41972575e+09 2.05629
1.41972975e+09 2.06271
1.41973375e+09 2.06507
1.41973775e+09 2.05847
1.41974175e+09 2.06586
1.41974575e+09 2.07031
1.41974975e+09 2.05923
1.41975375e+09 2.06233
1.41975775e+09 2.06879
1.41976175e+09 2.05927
1.41976575e+09 2.06634
1.41976975e+09 2.06035
1.41977375e+09 2.0647
1.41977775e+09 2.06345
1.41978175e+09 2.08486
1.41978575e+09 2.07386
1.41978975e+09 2.09191
1.41979375e+09 2.06576
1.41979775e+09 2.07805
1.41980175e+09 2.08343
1.41980575e+09 2.07249
1.41980975e+09 2.09195
1.41981375e+09 2.08985
1.41981775e+09 2.08724
1.41982175e+09 2.07737
1.41982575e+09 2.08531
1.41982975e+09 2.10984
1.41983375e+09 2.07802
1.41983775e+09 2.08514
1.41984175e+09 2.08483
1.41984575e+09 2.09497
1.41984975e+09 2.08813
1.41985375e+09 2.10625
1.41985775e+09 2.09706
1.41986175e+09 2.09568
1.41986575e+09 2.11561
1.41986975e+09 2.10139
1.41987375e+09 2.09353
1.41987775e+09 2.10253
1.41988175e+09 2.10219
1.41988575e+09 2.10984
1.41988975e+09 2.11496
1.41989375e+09 2.09616
1.41989775e+09 2.10504
1.41990175e+09 2.10479
1.41990575e+09 2.09828
1.41990975e+09 2.10837
1.41991375e+09 2.12024
1.41991775e+09 2.12559
1.41992175e+09 2.11109
1.41992575e+09 2.11561
1.41992975e+09 2.11585
1.41993375e+09 2.12195
1.41993775e+09 2.11923
1.41994175e+09 2.12507
1.41994575e+09 2.09396
1.41994975e+09 2.12921
1.41995375e+09 2.11632
1.41995775e+09 2.13465
1.41996175e+09 2.12618
1.41996575e+09 2.12162
1.41996975e+09 2.13056
1.41997375e+09 2.13548
1.41997775e+09 2.12372
1.41998175e+09 2.13345
1.41998575e+09 2.12551
1.41998975e+09 2.14581
1.41999375e+09 2.14625
1.41999775e+09 2.139
1.42000175e+09 2.13282
1.42000575e+09 2.15083
1.42000975e+09 2.1342
1.42001375e+09 2.13898
1.42001775e+09 2.13219
1.42002175e+09 2.12221
1.42002575e+09 2.14343
1.42002975e+09 2.13265
1.42003375e+09 2.14828
1.42003775e+09 2.14112
1.42004175e+09 2.16117
1.42004575e+09 2.15632
1.42004975e+09 2.14996
1.42005375e+09 2.14368
1.42005775e+09 2.14289
1.42006175e+09 2.1608
1.42006575e+09 2.13958
1.42006975e+09 2.14773
1.42007375e+09 2.14488
1.42007775e+09 2.15546
1.42008175e+09 2.15389
1.42008575e+09 2.16269
1.42008975e+09 2.16553
1.42009375e+09 2.16416
1.42009775e+09 2.16243
1.42010175e+09 2.16908
1.42010575e+09 2.18222
1.42010975e+09 2.16525
1.42011375e+09 2.18432
1.42011775e+09 2.18022
1.42012175e+09 2.17929
1.42012575e+09 2.18314
1.42012975e+09 2.17427
1.42013375e+09 2.15695
1.42013775e+09 2.17784
1.42014175e+09 2.19483
1.42014575e+09 2.16325
1.42014975e+09 2.1233
1.42015375e+09 2.01433
1.42015775e+09 2.17981
1.42016175e+09 2.20127
1.42016575e+09 2.18949
1.42016975e+09 2.17858
1.42017375e+09 2.1899
1.42017775e+09 2.18924
1.42018175e+09 2.20245
1.42018575e+09 2.17571
1.42018975e+09 2.19158
1.42019375e+09 2.17476
1.42019775e+09 2.18376
1.42020175e+09 2.18591
1.42020575e+09 2.17973
1.42020975e+09 2.19712
1.42021375e+09 2.17551
1.42021775e+09 2.1758
1.42022175e+09 2.16937
1.42022575e+09 2.16897
1.42022975e+09 2.18664
1.42023375e+09 2.16016
1.42023775e+09 2.16311
1.42024175e+09 2.14523
1.42024575e+09 2.1364
1.42024975e+09 2.19198
1.42025375e+09 2.12202
1.42025775e+09 2.13011
1.42026175e+09 2.12395
1.42026575e+09 2.11408
1.42026975e+09 2.12084
1.42027375e+09 2.11793
1.42027775e+09 2.13383
1.42028175e+09 2.14389
1.42028575e+09 2.14885
1.42028975e+09 2.17616
1.42029375e+09 2.17223
1.42029775e+09 2.1805
1.42030175e+09 2.19584
1.42030575e+09 2.21706
1.42030975e+09 2.21143
1.42031375e+09 2.21551
1.42031775e+09 2.22818
1.42032175e+09 2.22782
1.42032575e+09 2.23717
1.42032975e+09 2.24596
1.42033375e+09 2.24781
1.42033775e+09 2.24965
1.42034175e+09 2.24824
1.42034575e+09 2.26063
1.42034975e+09 2.27174
1.42035375e+09 2.27923
1.42035775e+09 2.28142
1.42036175e+09 2.29551
1.42036575e+09 2.2914
1.42036975e+09 2.31502
1.42037375e+09 2.29623
1.42037775e+09 2.32724
1.42038175e+09 2.32479
1.42038575e+09 2.3532
1.42038975e+09 2.37149
1.42039375e+09 2.3775
1.42039775e+09 2.40519
1.42040175e+09 2.43943
1.42040575e+09 2.47739
1.42040975e+09 2.51516
1.42041375e+09 2.53881
1.42041775e+09 2.59205
1.42042175e+09 2.64094
1.42042575e+09 2.68248
1.42042975e+09 2.74234
1.42043375e+09 2.80689
1.42043775e+09 2.8369
1.42044175e+09 2.89217
1.42044575e+09 2.93385
1.42044975e+09 2.96493
1.42045375e+09 2.98849
1.42045775e+09 2.99309
1.42046175e+09 3.01821
1.42046575e+09 3.02302
1.42046975e+09 3.01988
1.42047375e+09 3.01953
1.42047775e+09 3.01219
1.42048175e+09 3.01441
1.42048575e+09 3.00563
1.42048975e+09 3.00105
1.42049375e+09 3.00033
1.42049775e+09 3.00616
1.42050175e+09 2.9849
1.42050575e+09 2.99311
1.42050975e+09 2.97897
1.42051375e+09 2.9391
1.42051775e+09 2.91245
1.42052175e+09 2.88521
1.42052575e+09 2.88609
1.42052975e+09 2.86143
1.42053375e+09 2.84019
1.42053775e+09 2.8233
1.42054175e+09 2.79339
1.42054575e+09 2.7578
1.42054975e+09 2.74154
1.42055375e+09 2.7296
1.42055775e+09 2.67179
1.42056175e+09 2.67268
1.42056575e+09 2.64657
1.42056975e+09 2.6172
1.42057375e+09 2.6144
1.42057775e+09 2.57759
1.42058175e+09 2.56577
1.42058575e+09 2.54884
1.42058975e+09 2.56309
1.42059375e+09 2.53276
1.42059775e+09 2.51797
1.42060175e+09 2.53575
1.42060575e+09 2.53257
1.42060975e+09 2.52884
1.42061375e+09 2.53644
1.42061775e+09 2.53251
1.42062175e+09 2.54036
1.42062575e+09 2.53012
1.42062975e+09 2.54846
1.42063375e+09 2.53196
1.42063775e+09 2.54304
1.42064175e+09 2.53501
1.42064575e+09 2.54086
1.42064975e+09 2.55146
1.42065375e+09 2.5486
1.42065775e+09 2.55508
1.42066175e+09 2.54691
1.42066575e+09 2.545
1.42066975e+09 2.57345
1.42067375e+09 2.54647
1.42067775e+09 2.55223
1.42068175e+09 2.56481
1.42068575e+09 2.57777
1.42068975e+09 2.56292
1.42069375e+09 2.57815
1.42069775e+09 2.57972
1.42070175e+09 2.59695
1.42070575e+09 2.57255
1.42070975e+09 2.59168
1.42071375e+09 2.59314
1.42071775e+09 2.58523
1.42072175e+09 2.59531
1.42072575e+09 2.58859
1.42072975e+09 2.58801
1.42073375e+09 2.57662
1.42073775e+09 2.57327
1.42074175e+09 2.57529
1.42074575e+09 2.5634
1.42074975e+09 2.56123
1.42075375e+09 2.57302
1.42075775e+09 2.58162
1.42076175e+09 2.58122
1.42076575e+09 2.59761
1.42076975e+09 2.59531
1.42077375e+09 2.60095
1.42077775e+09 2.61778
1.42078175e+09 2.61718
1.42078575e+09 2.64274
1.42078975e+09 2.62835
1.42079375e+09 2.63773
1.42079775e+09 2.66271
1.42080175e+09 2.66802
1.42080575e+09 2.68015
1.42080975e+09 2.68296
1.42081375e+09 2.66868
1.42081775e+09 2.67356
1.42082175e+09 2.65853
1.42082575e+09 2.68711
1.42082975e+09 2.67108
1.42083375e+09 2.70345
1.42083775e+09 2.67842
1.42084175e+09 2.68429
1.42084575e+09 2.67535
1.42084975e+09 2.67988
1.42085375e+09 2.66021
1.42085775e+09 2.64361
1.42086175e+09 2.65272
1.42086575e+09 2.64882
1.42086975e+09 2.63545
1.42087375e+09 2.61957
1.42087775e+09 2.60991
1.42088175e+09 2.6105
1.42088575e+09 2.61952
1.42088975e+09 2.61052
1.42089375e+09 2.60235
1.42089775e+09 2.60381
1.42090175e+09 2.60137
1.42090575e+09 2.60951
1.42090975e+09 2.58803
1.42091375e+09 2.59376
1.42091775e+09 2.57307
1.42092175e+09 2.59888
1.42092575e+09 2.58942
1.42092975e+09 2.59197
1.42093375e+09 2.59736
1.42093775e+09 2.57282
1.42094175e+09 2.56211
1.42094575e+09 2.55308
1.42094975e+09 2.50551
1.42095375e+09 2.51075
1.42095775e+09 2.52742
1.42096175e+09 2.51463
1.42096575e+09 2.51232
1.42096975e+09 2.5039
1.42097375e+09 2.50776
1.42097775e+09 2.48146
1.42098175e+09 2.48275
1.42098575e+09 2.47712
1.42098975e+09 2.50116
1.42099375e+09 2.49151
1.42099775e+09 2.48184
1.42100175e+09 2.47606
1.42100575e+09 2.47992
1.42100975e+09 2.47227
1.42101375e+09 2.46801
1.42101775e+09 2.46439
1.42102175e+09 2.458
1.42102575e+09 2.45671
1.42102975e+09 2.46263
1.42103375e+09 2.45196
1.42103775e+09 2.45241
1.42104175e+09 2.44907
1.42104575e+09 2.44177
1.42104975e+09 2.45168
1.42105375e+09 2.44568
1.42105775e+09 2.44699
1.42106175e+09 2.44295
1.42106575e+09 2.43607
1.42106975e+09 2.43562
1.42107375e+09 2.45696
1.42107775e+09 2.44443
1.42108175e+09 2.44437
1.42108575e+09 2.44414
1.42108975e+09 2.44123
1.42109375e+09 2.42818
1.42109775e+09 2.44037
1.42110175e+09 2.43529
1.42110575e+09 2.42471
1.42110975e+09 2.43767
1.42111375e+09 2.42401
1.42111775e+09 2.43014
1.42112175e+09 2.42825
1.42112575e+09 2.43751
1.42112975e+09 2.44128
1.42113375e+09 2.43004
1.42113775e+09 2.42838
1.42114175e+09 2.43732
1.42114575e+09 2.43122
1.42114975e+09 2.4375
1.42115375e+09 2.43086
1.42115775e+09 2.4108
1.42116175e+09 2.42093
1.42116575e+09 2.43845
1.42116975e+09 2.42244
1.42117375e+09 2.41571
1.42117775e+09 2.41731
1.42118175e+09 2.43032
1.42118575e+09 2.43369
1.42118975e+09 2.42021
1.42119375e+09 2.4259
1.42119775e+09 2.41836
1.42120175e+09 2.44081
1.42120575e+09 2.41946
1.42120975e+09 2.43752
1.42121375e+09 2.42575
1.42121775e+09 2.42012
1.42122175e+09 2.42716
1.42122575e+09 2.4281
1.42122975e+09 2.41625
1.42123375e+09 2.41992
1.42123775e+09 2.42043
1.42124175e+09 2.4241
1.42124575e+09 2.42361
1.42124975e+09 2.42934
1.42125375e+09 2.42855
1.42125775e+09 2.40321
1.42126175e+09 2.41463
1.42126575e+09 2.41756
1.42126975e+09 2.40431
1.42127375e+09 2.41277
1.42127775e+09 2.42251
1.42128175e+09 2.41401
1.42128575e+09 2.40239
1.42128975e+09 2.40418
1.42129375e+09 2.40808
1.42129775e+09 2.39419
1.42130175e+09 2.40173
1.42130575e+09 2.41191
1.42130975e+09 2.40156
1.42131375e+09 2.3816
1.42131775e+09 2.3983
1.42132175e+09 2.39127
1.42132575e+09 2.3854
1.42132975e+09 2.3653
1.42133375e+09 2.37929
1.42133775e+09 2.3766
1.42134175e+09 2.38093
1.42134575e+09 2.37222
1.42134975e+09 2.37407
1.42135375e+09 2.34992
1.42135775e+09 2.3502
1.42136175e+09 2.34818
1.42136575e+09 2.33075
1.42136975e+09 2.34004
1.42137375e+09 2.34123
1.42137775e+09 2.31653
1.42138175e+09 2.33973
1.42138575e+09 2.32691
1.42138975e+09 2.32678
1.42139375e+09 2.31134
1.42139775e+09 2.30259
1.42140175e+09 2.31045


