# rtl-power-fftw output
# galactisch: 092
# antenne: 148-87
# dark: dark20170829153246
# data: A092_20170919205538
# -b: 500
# -t: 150
# -g: 300
# -p: 0
# Acquisition start: 2017-09-19 20:55:39 UTC
# Acquisition end: 2017-09-19 20:58:10 UTC
#
# frequency [Hz] power spectral density [dB/Hz]
1.41940575e+09 2.53559
1.41940975e+09 2.51914
1.41941375e+09 2.52189
1.41941775e+09 2.52358
1.41942175e+09 2.51791
1.41942575e+09 2.52171
1.41942975e+09 2.49821
1.41943375e+09 2.49442
1.41943775e+09 2.47511
1.41944175e+09 2.46347
1.41944575e+09 2.46446
1.41944975e+09 2.4421
1.41945375e+09 2.44828
1.41945775e+09 2.44056
1.41946175e+09 2.42978
1.41946575e+09 2.40541
1.41946975e+09 2.40194
1.41947375e+09 2.38705
1.41947775e+09 2.36746
1.41948175e+09 2.36303
1.41948575e+09 2.35137
1.41948975e+09 2.34685
1.41949375e+09 2.34041
1.41949775e+09 2.31921
1.41950175e+09 2.31389
1.41950575e+09 2.31381
1.41950975e+09 2.30444
1.41951375e+09 2.29608
1.41951775e+09 2.27986
1.41952175e+09 2.26634
1.41952575e+09 2.27567
1.41952975e+09 2.28229
1.41953375e+09 2.26247
1.41953775e+09 2.26194
1.41954175e+09 2.27467
1.41954575e+09 2.24451
1.41954975e+09 2.26187
1.41955375e+09 2.2619
1.41955775e+09 2.24298
1.41956175e+09 2.2507
1.41956575e+09 2.25849
1.41956975e+09 2.25614
1.41957375e+09 2.25589
1.41957775e+09 2.25163
1.41958175e+09 2.26784
1.41958575e+09 2.25084
1.41958975e+09 2.25562
1.41959375e+09 2.25482
1.41959775e+09 2.24916
1.41960175e+09 2.22863
1.41960575e+09 2.25004
1.41960975e+09 2.24427
1.41961375e+09 2.26882
1.41961775e+09 2.26383
1.41962175e+09 2.27024
1.41962575e+09 2.26551
1.41962975e+09 2.26382
1.41963375e+09 2.2687
1.41963775e+09 2.26802
1.41964175e+09 2.27749
1.41964575e+09 2.27817
1.41964975e+09 2.2741
1.41965375e+09 2.29776
1.41965775e+09 2.28319
1.41966175e+09 2.27824
1.41966575e+09 2.28581
1.41966975e+09 2.2711
1.41967375e+09 2.29006
1.41967775e+09 2.27887
1.41968175e+09 2.2927
1.41968575e+09 2.29069
1.41968975e+09 2.2934
1.41969375e+09 2.30172
1.41969775e+09 2.30134
1.41970175e+09 2.29695
1.41970575e+09 2.30577
1.41970975e+09 2.29787
1.41971375e+09 2.30665
1.41971775e+09 2.3075
1.41972175e+09 2.30725
1.41972575e+09 2.31163
1.41972975e+09 2.30056
1.41973375e+09 2.31331
1.41973775e+09 2.30103
1.41974175e+09 2.32248
1.41974575e+09 2.31076
1.41974975e+09 2.29806
1.41975375e+09 2.3103
1.41975775e+09 2.32945
1.41976175e+09 2.3049
1.41976575e+09 2.32089
1.41976975e+09 2.32337
1.41977375e+09 2.32195
1.41977775e+09 2.3237
1.41978175e+09 2.33355
1.41978575e+09 2.32745
1.41978975e+09 2.33035
1.41979375e+09 2.32925
1.41979775e+09 2.33155
1.41980175e+09 2.33397
1.41980575e+09 2.32262
1.41980975e+09 2.33397
1.41981375e+09 2.34844
1.41981775e+09 2.3509
1.41982175e+09 2.33283
1.41982575e+09 2.33473
1.41982975e+09 2.35342
1.41983375e+09 2.33006
1.41983775e+09 2.34436
1.41984175e+09 2.35109
1.41984575e+09 2.3606
1.41984975e+09 2.34742
1.41985375e+09 2.34986
1.41985775e+09 2.34908
1.41986175e+09 2.36573
1.41986575e+09 2.36702
1.41986975e+09 2.3655
1.41987375e+09 2.35924
1.41987775e+09 2.35849
1.41988175e+09 2.36152
1.41988575e+09 2.37008
1.41988975e+09 2.37886
1.41989375e+09 2.36327
1.41989775e+09 2.36375
1.41990175e+09 2.35319
1.41990575e+09 2.36397
1.41990975e+09 2.3648
1.41991375e+09 2.36579
1.41991775e+09 2.39408
1.41992175e+09 2.37147
1.41992575e+09 2.37746
1.41992975e+09 2.36134
1.41993375e+09 2.38136
1.41993775e+09 2.37538
1.41994175e+09 2.38899
1.41994575e+09 2.36484
1.41994975e+09 2.39392
1.41995375e+09 2.386
1.41995775e+09 2.40149
1.41996175e+09 2.3933
1.41996575e+09 2.38725
1.41996975e+09 2.40812
1.41997375e+09 2.4056
1.41997775e+09 2.39102
1.41998175e+09 2.39479
1.41998575e+09 2.38601
1.41998975e+09 2.40188
1.41999375e+09 2.39816
1.41999775e+09 2.40267
1.42000175e+09 2.39948
1.42000575e+09 2.41688
1.42000975e+09 2.40445
1.42001375e+09 2.41226
1.42001775e+09 2.39816
1.42002175e+09 2.38479
1.42002575e+09 2.39769
1.42002975e+09 2.41464
1.42003375e+09 2.41017
1.42003775e+09 2.41284
1.42004175e+09 2.43022
1.42004575e+09 2.4241
1.42004975e+09 2.42384
1.42005375e+09 2.42279
1.42005775e+09 2.40539
1.42006175e+09 2.4262
1.42006575e+09 2.41702
1.42006975e+09 2.41472
1.42007375e+09 2.42458
1.42007775e+09 2.41921
1.42008175e+09 2.42783
1.42008575e+09 2.42717
1.42008975e+09 2.43
1.42009375e+09 2.44332
1.42009775e+09 2.44845
1.42010175e+09 2.44113
1.42010575e+09 2.45104
1.42010975e+09 2.43615
1.42011375e+09 2.44669
1.42011775e+09 2.45082
1.42012175e+09 2.45316
1.42012575e+09 2.45167
1.42012975e+09 2.43471
1.42013375e+09 2.42992
1.42013775e+09 2.45685
1.42014175e+09 2.4526
1.42014575e+09 2.42777
1.42014975e+09 2.39135
1.42015375e+09 2.28659
1.42015775e+09 2.45553
1.42016175e+09 2.46387
1.42016575e+09 2.46453
1.42016975e+09 2.45426
1.42017375e+09 2.47003
1.42017775e+09 2.45932
1.42018175e+09 2.47148
1.42018575e+09 2.45921
1.42018975e+09 2.46603
1.42019375e+09 2.45218
1.42019775e+09 2.45382
1.42020175e+09 2.46382
1.42020575e+09 2.46017
1.42020975e+09 2.46934
1.42021375e+09 2.45777
1.42021775e+09 2.44869
1.42022175e+09 2.45076
1.42022575e+09 2.45478
1.42022975e+09 2.45096
1.42023375e+09 2.44487
1.42023775e+09 2.44141
1.42024175e+09 2.42507
1.42024575e+09 2.41569
1.42024975e+09 2.48835
1.42025375e+09 2.40876
1.42025775e+09 2.40936
1.42026175e+09 2.41249
1.42026575e+09 2.39692
1.42026975e+09 2.39984
1.42027375e+09 2.39
1.42027775e+09 2.42462
1.42028175e+09 2.42179
1.42028575e+09 2.43411
1.42028975e+09 2.45417
1.42029375e+09 2.45915
1.42029775e+09 2.45499
1.42030175e+09 2.46411
1.42030575e+09 2.47871
1.42030975e+09 2.48818
1.42031375e+09 2.48738
1.42031775e+09 2.50102
1.42032175e+09 2.50369
1.42032575e+09 2.5161
1.42032975e+09 2.52012
1.42033375e+09 2.50803
1.42033775e+09 2.53059
1.42034175e+09 2.53032
1.42034575e+09 2.53454
1.42034975e+09 2.54468
1.42035375e+09 2.55342
1.42035775e+09 2.55521
1.42036175e+09 2.56419
1.42036575e+09 2.55488
1.42036975e+09 2.58184
1.42037375e+09 2.57435
1.42037775e+09 2.59083
1.42038175e+09 2.60715
1.42038575e+09 2.62517
1.42038975e+09 2.63738
1.42039375e+09 2.65068
1.42039775e+09 2.67194
1.42040175e+09 2.71432
1.42040575e+09 2.7541
1.42040975e+09 2.79366
1.42041375e+09 2.80619
1.42041775e+09 2.855
1.42042175e+09 2.91287
1.42042575e+09 2.94196
1.42042975e+09 3.01435
1.42043375e+09 3.06362
1.42043775e+09 3.11749
1.42044175e+09 3.17427
1.42044575e+09 3.21229
1.42044975e+09 3.24397
1.42045375e+09 3.27368
1.42045775e+09 3.28421
1.42046175e+09 3.30379
1.42046575e+09 3.31698
1.42046975e+09 3.32115
1.42047375e+09 3.31196
1.42047775e+09 3.31071
1.42048175e+09 3.31369
1.42048575e+09 3.29341
1.42048975e+09 3.29677
1.42049375e+09 3.28885
1.42049775e+09 3.30303
1.42050175e+09 3.29659
1.42050575e+09 3.29826
1.42050975e+09 3.28055
1.42051375e+09 3.24376
1.42051775e+09 3.23803
1.42052175e+09 3.21747
1.42052575e+09 3.19462
1.42052975e+09 3.16847
1.42053375e+09 3.14718
1.42053775e+09 3.12494
1.42054175e+09 3.09373
1.42054575e+09 3.06501
1.42054975e+09 3.04664
1.42055375e+09 3.02962
1.42055775e+09 2.99626
1.42056175e+09 2.96996
1.42056575e+09 2.9433
1.42056975e+09 2.93106
1.42057375e+09 2.92047
1.42057775e+09 2.88851
1.42058175e+09 2.86824
1.42058575e+09 2.8626
1.42058975e+09 2.85633
1.42059375e+09 2.83878
1.42059775e+09 2.82889
1.42060175e+09 2.83073
1.42060575e+09 2.82807
1.42060975e+09 2.83983
1.42061375e+09 2.8409
1.42061775e+09 2.83384
1.42062175e+09 2.8436
1.42062575e+09 2.84031
1.42062975e+09 2.84416
1.42063375e+09 2.84593
1.42063775e+09 2.85458
1.42064175e+09 2.84921
1.42064575e+09 2.85697
1.42064975e+09 2.86327
1.42065375e+09 2.84531
1.42065775e+09 2.88215
1.42066175e+09 2.86181
1.42066575e+09 2.86886
1.42066975e+09 2.88063
1.42067375e+09 2.8739
1.42067775e+09 2.86731
1.42068175e+09 2.87523
1.42068575e+09 2.89458
1.42068975e+09 2.88039
1.42069375e+09 2.8851
1.42069775e+09 2.88713
1.42070175e+09 2.91006
1.42070575e+09 2.89098
1.42070975e+09 2.90061
1.42071375e+09 2.89662
1.42071775e+09 2.89781
1.42072175e+09 2.90321
1.42072575e+09 2.89876
1.42072975e+09 2.89536
1.42073375e+09 2.8876
1.42073775e+09 2.87244
1.42074175e+09 2.88122
1.42074575e+09 2.88132
1.42074975e+09 2.88116
1.42075375e+09 2.87685
1.42075775e+09 2.8922
1.42076175e+09 2.90842
1.42076575e+09 2.90369
1.42076975e+09 2.90178
1.42077375e+09 2.92014
1.42077775e+09 2.91588
1.42078175e+09 2.92478
1.42078575e+09 2.95112
1.42078975e+09 2.95368
1.42079375e+09 2.95906
1.42079775e+09 2.97156
1.42080175e+09 2.98914
1.42080575e+09 2.98446
1.42080975e+09 2.99246
1.42081375e+09 2.97947
1.42081775e+09 2.98604
1.42082175e+09 2.962
1.42082575e+09 2.98651
1.42082975e+09 2.97542
1.42083375e+09 3.00414
1.42083775e+09 2.98845
1.42084175e+09 2.98507
1.42084575e+09 2.98238
1.42084975e+09 2.97766
1.42085375e+09 2.9554
1.42085775e+09 2.95283
1.42086175e+09 2.95356
1.42086575e+09 2.95453
1.42086975e+09 2.95121
1.42087375e+09 2.90839
1.42087775e+09 2.92319
1.42088175e+09 2.91494
1.42088575e+09 2.92296
1.42088975e+09 2.89539
1.42089375e+09 2.89512
1.42089775e+09 2.90317
1.42090175e+09 2.9008
1.42090575e+09 2.91982
1.42090975e+09 2.89632
1.42091375e+09 2.89764
1.42091775e+09 2.89637
1.42092175e+09 2.89805
1.42092575e+09 2.89045
1.42092975e+09 2.883
1.42093375e+09 2.89867
1.42093775e+09 2.8691
1.42094175e+09 2.85384
1.42094575e+09 2.84523
1.42094975e+09 2.80084
1.42095375e+09 2.81106
1.42095775e+09 2.81414
1.42096175e+09 2.80875
1.42096575e+09 2.81068
1.42096975e+09 2.79118
1.42097375e+09 2.78867
1.42097775e+09 2.78005
1.42098175e+09 2.76251
1.42098575e+09 2.76157
1.42098975e+09 2.79196
1.42099375e+09 2.76355
1.42099775e+09 2.76707
1.42100175e+09 2.76221
1.42100575e+09 2.74894
1.42100975e+09 2.75887
1.42101375e+09 2.74788
1.42101775e+09 2.74569
1.42102175e+09 2.74422
1.42102575e+09 2.73029
1.42102975e+09 2.74712
1.42103375e+09 2.73292
1.42103775e+09 2.73771
1.42104175e+09 2.73989
1.42104575e+09 2.72403
1.42104975e+09 2.72776
1.42105375e+09 2.72114
1.42105775e+09 2.72745
1.42106175e+09 2.7181
1.42106575e+09 2.7175
1.42106975e+09 2.70924
1.42107375e+09 2.73511
1.42107775e+09 2.72382
1.42108175e+09 2.71952
1.42108575e+09 2.72743
1.42108975e+09 2.70738
1.42109375e+09 2.71539
1.42109775e+09 2.71732
1.42110175e+09 2.71926
1.42110575e+09 2.70906
1.42110975e+09 2.71305
1.42111375e+09 2.70246
1.42111775e+09 2.70988
1.42112175e+09 2.69987
1.42112575e+09 2.70319
1.42112975e+09 2.70753
1.42113375e+09 2.70391
1.42113775e+09 2.71374
1.42114175e+09 2.71308
1.42114575e+09 2.70642
1.42114975e+09 2.70305
1.42115375e+09 2.68835
1.42115775e+09 2.69583
1.42116175e+09 2.70078
1.42116575e+09 2.71816
1.42116975e+09 2.70239
1.42117375e+09 2.71639
1.42117775e+09 2.69775
1.42118175e+09 2.69512
1.42118575e+09 2.69032
1.42118975e+09 2.69285
1.42119375e+09 2.69271
1.42119775e+09 2.70146
1.42120175e+09 2.70894
1.42120575e+09 2.68408
1.42120975e+09 2.69947
1.42121375e+09 2.70058
1.42121775e+09 2.68845
1.42122175e+09 2.70423
1.42122575e+09 2.70072
1.42122975e+09 2.69751
1.42123375e+09 2.68143
1.42123775e+09 2.68974
1.42124175e+09 2.68842
1.42124575e+09 2.69315
1.42124975e+09 2.71276
1.42125375e+09 2.69394
1.42125775e+09 2.67484
1.42126175e+09 2.67948
1.42126575e+09 2.6954
1.42126975e+09 2.6697
1.42127375e+09 2.68262
1.42127775e+09 2.68801
1.42128175e+09 2.67942
1.42128575e+09 2.67518
1.42128975e+09 2.65782
1.42129375e+09 2.66312
1.42129775e+09 2.66022
1.42130175e+09 2.66029
1.42130575e+09 2.66661
1.42130975e+09 2.64644
1.42131375e+09 2.65197
1.42131775e+09 2.65426
1.42132175e+09 2.65605
1.42132575e+09 2.64143
1.42132975e+09 2.63011
1.42133375e+09 2.63932
1.42133775e+09 2.62183
1.42134175e+09 2.63278
1.42134575e+09 2.61606
1.42134975e+09 2.62339
1.42135375e+09 2.61239
1.42135775e+09 2.59335
1.42136175e+09 2.6051
1.42136575e+09 2.58757
1.42136975e+09 2.58892
1.42137375e+09 2.59219
1.42137775e+09 2.58174
1.42138175e+09 2.58655
1.42138575e+09 2.59043
1.42138975e+09 2.58306
1.42139375e+09 2.55758
1.42139775e+09 2.55296
1.42140175e+09 2.53685


