# rtl-power-fftw output
# galactisch: 096
# antenne: 81-87
# dark: dark20170829153246
# data: A096_20170919210048
# -b: 500
# -t: 150
# -g: 300
# -p: 0
# Acquisition start: 2017-09-19 21:00:49 UTC
# Acquisition end: 2017-09-19 21:03:20 UTC
#
# frequency [Hz] power spectral density [dB/Hz]
1.41940575e+09 2.53541
1.41940975e+09 2.51594
1.41941375e+09 2.52318
1.41941775e+09 2.52406
1.41942175e+09 2.5199
1.41942575e+09 2.52239
1.41942975e+09 2.50914
1.41943375e+09 2.49178
1.41943775e+09 2.48419
1.41944175e+09 2.47355
1.41944575e+09 2.462
1.41944975e+09 2.45526
1.41945375e+09 2.46317
1.41945775e+09 2.44413
1.41946175e+09 2.42733
1.41946575e+09 2.41838
1.41946975e+09 2.40569
1.41947375e+09 2.39059
1.41947775e+09 2.4038
1.41948175e+09 2.38981
1.41948575e+09 2.37122
1.41948975e+09 2.34617
1.41949375e+09 2.36096
1.41949775e+09 2.33828
1.41950175e+09 2.33126
1.41950575e+09 2.32996
1.41950975e+09 2.30437
1.41951375e+09 2.30184
1.41951775e+09 2.29993
1.41952175e+09 2.29013
1.41952575e+09 2.30064
1.41952975e+09 2.29372
1.41953375e+09 2.29013
1.41953775e+09 2.27173
1.41954175e+09 2.2895
1.41954575e+09 2.27193
1.41954975e+09 2.27912
1.41955375e+09 2.28665
1.41955775e+09 2.281
1.41956175e+09 2.28847
1.41956575e+09 2.27861
1.41956975e+09 2.25828
1.41957375e+09 2.27957
1.41957775e+09 2.28193
1.41958175e+09 2.27322
1.41958575e+09 2.26935
1.41958975e+09 2.27542
1.41959375e+09 2.28016
1.41959775e+09 2.26311
1.41960175e+09 2.25338
1.41960575e+09 2.26859
1.41960975e+09 2.26434
1.41961375e+09 2.285
1.41961775e+09 2.27695
1.41962175e+09 2.28574
1.41962575e+09 2.28416
1.41962975e+09 2.29382
1.41963375e+09 2.29694
1.41963775e+09 2.28442
1.41964175e+09 2.27866
1.41964575e+09 2.29077
1.41964975e+09 2.29992
1.41965375e+09 2.29924
1.41965775e+09 2.29864
1.41966175e+09 2.30356
1.41966575e+09 2.30241
1.41966975e+09 2.2916
1.41967375e+09 2.29538
1.41967775e+09 2.30379
1.41968175e+09 2.32267
1.41968575e+09 2.31164
1.41968975e+09 2.33346
1.41969375e+09 2.32421
1.41969775e+09 2.32598
1.41970175e+09 2.31831
1.41970575e+09 2.32223
1.41970975e+09 2.31159
1.41971375e+09 2.32843
1.41971775e+09 2.32347
1.41972175e+09 2.32008
1.41972575e+09 2.32391
1.41972975e+09 2.33162
1.41973375e+09 2.33772
1.41973775e+09 2.30918
1.41974175e+09 2.34653
1.41974575e+09 2.33299
1.41974975e+09 2.33275
1.41975375e+09 2.31569
1.41975775e+09 2.33073
1.41976175e+09 2.32057
1.41976575e+09 2.323
1.41976975e+09 2.33438
1.41977375e+09 2.35006
1.41977775e+09 2.33394
1.41978175e+09 2.35151
1.41978575e+09 2.33847
1.41978975e+09 2.3494
1.41979375e+09 2.34744
1.41979775e+09 2.34857
1.41980175e+09 2.34255
1.41980575e+09 2.35221
1.41980975e+09 2.36003
1.41981375e+09 2.35625
1.41981775e+09 2.36986
1.41982175e+09 2.34781
1.41982575e+09 2.36698
1.41982975e+09 2.36546
1.41983375e+09 2.36105
1.41983775e+09 2.35203
1.41984175e+09 2.35953
1.41984575e+09 2.36069
1.41984975e+09 2.37043
1.41985375e+09 2.35789
1.41985775e+09 2.3607
1.41986175e+09 2.37347
1.41986575e+09 2.37605
1.41986975e+09 2.3671
1.41987375e+09 2.35218
1.41987775e+09 2.37263
1.41988175e+09 2.366
1.41988575e+09 2.37075
1.41988975e+09 2.38272
1.41989375e+09 2.38058
1.41989775e+09 2.38331
1.41990175e+09 2.37256
1.41990575e+09 2.36877
1.41990975e+09 2.38252
1.41991375e+09 2.38518
1.41991775e+09 2.40318
1.41992175e+09 2.37877
1.41992575e+09 2.38881
1.41992975e+09 2.3951
1.41993375e+09 2.39363
1.41993775e+09 2.39029
1.41994175e+09 2.38842
1.41994575e+09 2.37644
1.41994975e+09 2.39692
1.41995375e+09 2.40203
1.41995775e+09 2.4064
1.41996175e+09 2.40029
1.41996575e+09 2.39619
1.41996975e+09 2.40422
1.41997375e+09 2.41772
1.41997775e+09 2.40274
1.41998175e+09 2.40083
1.41998575e+09 2.40719
1.41998975e+09 2.41808
1.41999375e+09 2.40964
1.41999775e+09 2.41608
1.42000175e+09 2.40852
1.42000575e+09 2.41847
1.42000975e+09 2.41317
1.42001375e+09 2.42334
1.42001775e+09 2.40033
1.42002175e+09 2.39094
1.42002575e+09 2.41431
1.42002975e+09 2.41699
1.42003375e+09 2.41936
1.42003775e+09 2.40829
1.42004175e+09 2.42593
1.42004575e+09 2.43873
1.42004975e+09 2.42913
1.42005375e+09 2.41413
1.42005775e+09 2.40358
1.42006175e+09 2.43122
1.42006575e+09 2.42004
1.42006975e+09 2.42608
1.42007375e+09 2.42895
1.42007775e+09 2.43102
1.42008175e+09 2.43272
1.42008575e+09 2.4291
1.42008975e+09 2.45296
1.42009375e+09 2.44529
1.42009775e+09 2.44608
1.42010175e+09 2.44037
1.42010575e+09 2.46091
1.42010975e+09 2.45168
1.42011375e+09 2.45692
1.42011775e+09 2.44097
1.42012175e+09 2.45664
1.42012575e+09 2.45354
1.42012975e+09 2.44901
1.42013375e+09 2.43225
1.42013775e+09 2.4584
1.42014175e+09 2.46698
1.42014575e+09 2.44012
1.42014975e+09 2.41125
1.42015375e+09 2.29933
1.42015775e+09 2.45544
1.42016175e+09 2.47626
1.42016575e+09 2.48069
1.42016975e+09 2.4565
1.42017375e+09 2.46421
1.42017775e+09 2.46688
1.42018175e+09 2.4763
1.42018575e+09 2.47429
1.42018975e+09 2.47541
1.42019375e+09 2.45133
1.42019775e+09 2.45824
1.42020175e+09 2.47178
1.42020575e+09 2.45271
1.42020975e+09 2.46894
1.42021375e+09 2.44413
1.42021775e+09 2.45599
1.42022175e+09 2.45714
1.42022575e+09 2.44572
1.42022975e+09 2.44239
1.42023375e+09 2.4486
1.42023775e+09 2.44072
1.42024175e+09 2.43145
1.42024575e+09 2.42104
1.42024975e+09 2.44437
1.42025375e+09 2.40956
1.42025775e+09 2.40736
1.42026175e+09 2.40921
1.42026575e+09 2.39432
1.42026975e+09 2.3982
1.42027375e+09 2.39816
1.42027775e+09 2.42008
1.42028175e+09 2.42034
1.42028575e+09 2.41906
1.42028975e+09 2.46117
1.42029375e+09 2.45677
1.42029775e+09 2.46247
1.42030175e+09 2.47325
1.42030575e+09 2.49007
1.42030975e+09 2.50111
1.42031375e+09 2.49743
1.42031775e+09 2.49846
1.42032175e+09 2.51285
1.42032575e+09 2.52714
1.42032975e+09 2.52995
1.42033375e+09 2.51742
1.42033775e+09 2.53678
1.42034175e+09 2.54207
1.42034575e+09 2.54225
1.42034975e+09 2.55395
1.42035375e+09 2.57797
1.42035775e+09 2.57049
1.42036175e+09 2.56401
1.42036575e+09 2.57034
1.42036975e+09 2.59804
1.42037375e+09 2.59079
1.42037775e+09 2.60988
1.42038175e+09 2.61348
1.42038575e+09 2.64694
1.42038975e+09 2.66432
1.42039375e+09 2.67963
1.42039775e+09 2.71392
1.42040175e+09 2.74087
1.42040575e+09 2.784
1.42040975e+09 2.82686
1.42041375e+09 2.8738
1.42041775e+09 2.92226
1.42042175e+09 2.98866
1.42042575e+09 3.01234
1.42042975e+09 3.08069
1.42043375e+09 3.11935
1.42043775e+09 3.16813
1.42044175e+09 3.22403
1.42044575e+09 3.25249
1.42044975e+09 3.27048
1.42045375e+09 3.29633
1.42045775e+09 3.2868
1.42046175e+09 3.29253
1.42046575e+09 3.2998
1.42046975e+09 3.28359
1.42047375e+09 3.24444
1.42047775e+09 3.24685
1.42048175e+09 3.23821
1.42048575e+09 3.22253
1.42048975e+09 3.2284
1.42049375e+09 3.22588
1.42049775e+09 3.22095
1.42050175e+09 3.20938
1.42050575e+09 3.21022
1.42050975e+09 3.20737
1.42051375e+09 3.17444
1.42051775e+09 3.17316
1.42052175e+09 3.15004
1.42052575e+09 3.14285
1.42052975e+09 3.11753
1.42053375e+09 3.11621
1.42053775e+09 3.10536
1.42054175e+09 3.08667
1.42054575e+09 3.0477
1.42054975e+09 3.05519
1.42055375e+09 3.04609
1.42055775e+09 3.01505
1.42056175e+09 2.98911
1.42056575e+09 2.97121
1.42056975e+09 2.96482
1.42057375e+09 2.94535
1.42057775e+09 2.91699
1.42058175e+09 2.91566
1.42058575e+09 2.89317
1.42058975e+09 2.90076
1.42059375e+09 2.88146
1.42059775e+09 2.88034
1.42060175e+09 2.88925
1.42060575e+09 2.89381
1.42060975e+09 2.90118
1.42061375e+09 2.92554
1.42061775e+09 2.91584
1.42062175e+09 2.92306
1.42062575e+09 2.91427
1.42062975e+09 2.94666
1.42063375e+09 2.94081
1.42063775e+09 2.95617
1.42064175e+09 2.95386
1.42064575e+09 2.96612
1.42064975e+09 2.97548
1.42065375e+09 2.97759
1.42065775e+09 2.9931
1.42066175e+09 2.97697
1.42066575e+09 2.98192
1.42066975e+09 2.99005
1.42067375e+09 2.97189
1.42067775e+09 2.97539
1.42068175e+09 2.9691
1.42068575e+09 2.98228
1.42068975e+09 2.97916
1.42069375e+09 2.97294
1.42069775e+09 2.98432
1.42070175e+09 2.97858
1.42070575e+09 2.96876
1.42070975e+09 2.97419
1.42071375e+09 2.96773
1.42071775e+09 2.95874
1.42072175e+09 2.95978
1.42072575e+09 2.95624
1.42072975e+09 2.96617
1.42073375e+09 2.95482
1.42073775e+09 2.93817
1.42074175e+09 2.94622
1.42074575e+09 2.93041
1.42074975e+09 2.94342
1.42075375e+09 2.93097
1.42075775e+09 2.95311
1.42076175e+09 2.95038
1.42076575e+09 2.95005
1.42076975e+09 2.95592
1.42077375e+09 2.97304
1.42077775e+09 2.96956
1.42078175e+09 2.97785
1.42078575e+09 2.98955
1.42078975e+09 3.00314
1.42079375e+09 2.98983
1.42079775e+09 3.02011
1.42080175e+09 3.02203
1.42080575e+09 3.03018
1.42080975e+09 3.02036
1.42081375e+09 3.00656
1.42081775e+09 3.00616
1.42082175e+09 2.98426
1.42082575e+09 2.99317
1.42082975e+09 2.9875
1.42083375e+09 3.00132
1.42083775e+09 2.98357
1.42084175e+09 2.97866
1.42084575e+09 2.97302
1.42084975e+09 2.96022
1.42085375e+09 2.93927
1.42085775e+09 2.92635
1.42086175e+09 2.92518
1.42086575e+09 2.93124
1.42086975e+09 2.92359
1.42087375e+09 2.90012
1.42087775e+09 2.89276
1.42088175e+09 2.89404
1.42088575e+09 2.89609
1.42088975e+09 2.88374
1.42089375e+09 2.85988
1.42089775e+09 2.87349
1.42090175e+09 2.87119
1.42090575e+09 2.88927
1.42090975e+09 2.88021
1.42091375e+09 2.87337
1.42091775e+09 2.87244
1.42092175e+09 2.87811
1.42092575e+09 2.87412
1.42092975e+09 2.87775
1.42093375e+09 2.87315
1.42093775e+09 2.83856
1.42094175e+09 2.83084
1.42094575e+09 2.81855
1.42094975e+09 2.78091
1.42095375e+09 2.78182
1.42095775e+09 2.78443
1.42096175e+09 2.78742
1.42096575e+09 2.77413
1.42096975e+09 2.77996
1.42097375e+09 2.76877
1.42097775e+09 2.74058
1.42098175e+09 2.7444
1.42098575e+09 2.72265
1.42098975e+09 2.753
1.42099375e+09 2.7467
1.42099775e+09 2.74489
1.42100175e+09 2.74021
1.42100575e+09 2.73194
1.42100975e+09 2.73149
1.42101375e+09 2.73647
1.42101775e+09 2.71755
1.42102175e+09 2.70926
1.42102575e+09 2.70668
1.42102975e+09 2.72258
1.42103375e+09 2.70229
1.42103775e+09 2.69869
1.42104175e+09 2.70717
1.42104575e+09 2.697
1.42104975e+09 2.70585
1.42105375e+09 2.70758
1.42105775e+09 2.70416
1.42106175e+09 2.69359
1.42106575e+09 2.69383
1.42106975e+09 2.70166
1.42107375e+09 2.72654
1.42107775e+09 2.70858
1.42108175e+09 2.71568
1.42108575e+09 2.71814
1.42108975e+09 2.70363
1.42109375e+09 2.69669
1.42109775e+09 2.69998
1.42110175e+09 2.68707
1.42110575e+09 2.68192
1.42110975e+09 2.7015
1.42111375e+09 2.68341
1.42111775e+09 2.6851
1.42112175e+09 2.68812
1.42112575e+09 2.68682
1.42112975e+09 2.68714
1.42113375e+09 2.67245
1.42113775e+09 2.69007
1.42114175e+09 2.68014
1.42114575e+09 2.67691
1.42114975e+09 2.67739
1.42115375e+09 2.68391
1.42115775e+09 2.67301
1.42116175e+09 2.67852
1.42116575e+09 2.69913
1.42116975e+09 2.67966
1.42117375e+09 2.68787
1.42117775e+09 2.67147
1.42118175e+09 2.67741
1.42118575e+09 2.68965
1.42118975e+09 2.67564
1.42119375e+09 2.67756
1.42119775e+09 2.68536
1.42120175e+09 2.69014
1.42120575e+09 2.6798
1.42120975e+09 2.68232
1.42121375e+09 2.67803
1.42121775e+09 2.67628
1.42122175e+09 2.69109
1.42122575e+09 2.68579
1.42122975e+09 2.68064
1.42123375e+09 2.67924
1.42123775e+09 2.67215
1.42124175e+09 2.66663
1.42124575e+09 2.66758
1.42124975e+09 2.68347
1.42125375e+09 2.68122
1.42125775e+09 2.65783
1.42126175e+09 2.67042
1.42126575e+09 2.68198
1.42126975e+09 2.65191
1.42127375e+09 2.65241
1.42127775e+09 2.66487
1.42128175e+09 2.66335
1.42128575e+09 2.65947
1.42128975e+09 2.64516
1.42129375e+09 2.65685
1.42129775e+09 2.64317
1.42130175e+09 2.64598
1.42130575e+09 2.66096
1.42130975e+09 2.63982
1.42131375e+09 2.62197
1.42131775e+09 2.64719
1.42132175e+09 2.64016
1.42132575e+09 2.62765
1.42132975e+09 2.61708
1.42133375e+09 2.63215
1.42133775e+09 2.6134
1.42134175e+09 2.62197
1.42134575e+09 2.61219
1.42134975e+09 2.62223
1.42135375e+09 2.60279
1.42135775e+09 2.59329
1.42136175e+09 2.58215
1.42136575e+09 2.58611
1.42136975e+09 2.59225
1.42137375e+09 2.6059
1.42137775e+09 2.57573
1.42138175e+09 2.58645
1.42138575e+09 2.57822
1.42138975e+09 2.57113
1.42139375e+09 2.55924
1.42139775e+09 2.56176
1.42140175e+09 2.5487


