# rtl-power-fftw output
# galactisch: 100
# antenne: 58-84
# dark: dark20170829153246
# data: A100_20170919210553
# -b: 500
# -t: 150
# -g: 300
# -p: 0
# Acquisition start: 2017-09-19 21:05:54 UTC
# Acquisition end: 2017-09-19 21:08:25 UTC
#
# frequency [Hz] power spectral density [dB/Hz]
1.41940575e+09 2.45202
1.41940975e+09 2.42806
1.41941375e+09 2.42288
1.41941775e+09 2.4325
1.41942175e+09 2.42958
1.41942575e+09 2.41885
1.41942975e+09 2.42542
1.41943375e+09 2.40016
1.41943775e+09 2.39591
1.41944175e+09 2.37211
1.41944575e+09 2.37858
1.41944975e+09 2.36656
1.41945375e+09 2.36161
1.41945775e+09 2.35455
1.41946175e+09 2.35785
1.41946575e+09 2.32184
1.41946975e+09 2.33206
1.41947375e+09 2.30546
1.41947775e+09 2.31205
1.41948175e+09 2.30171
1.41948575e+09 2.28219
1.41948975e+09 2.26803
1.41949375e+09 2.27223
1.41949775e+09 2.26083
1.41950175e+09 2.24465
1.41950575e+09 2.24098
1.41950975e+09 2.22899
1.41951375e+09 2.22073
1.41951775e+09 2.22638
1.41952175e+09 2.20287
1.41952575e+09 2.21944
1.41952975e+09 2.20694
1.41953375e+09 2.20325
1.41953775e+09 2.19628
1.41954175e+09 2.20078
1.41954575e+09 2.18003
1.41954975e+09 2.20736
1.41955375e+09 2.20492
1.41955775e+09 2.18546
1.41956175e+09 2.183
1.41956575e+09 2.19776
1.41956975e+09 2.17754
1.41957375e+09 2.18965
1.41957775e+09 2.19441
1.41958175e+09 2.1882
1.41958575e+09 2.18378
1.41958975e+09 2.18661
1.41959375e+09 2.17095
1.41959775e+09 2.1787
1.41960175e+09 2.16869
1.41960575e+09 2.18412
1.41960975e+09 2.18106
1.41961375e+09 2.20505
1.41961775e+09 2.1953
1.41962175e+09 2.2004
1.41962575e+09 2.20094
1.41962975e+09 2.19917
1.41963375e+09 2.20894
1.41963775e+09 2.19948
1.41964175e+09 2.21366
1.41964575e+09 2.21572
1.41964975e+09 2.20671
1.41965375e+09 2.22563
1.41965775e+09 2.20665
1.41966175e+09 2.22029
1.41966575e+09 2.21312
1.41966975e+09 2.20315
1.41967375e+09 2.21785
1.41967775e+09 2.20782
1.41968175e+09 2.22885
1.41968575e+09 2.24374
1.41968975e+09 2.25687
1.41969375e+09 2.24802
1.41969775e+09 2.23965
1.41970175e+09 2.23448
1.41970575e+09 2.24
1.41970975e+09 2.22192
1.41971375e+09 2.23282
1.41971775e+09 2.23929
1.41972175e+09 2.23521
1.41972575e+09 2.24317
1.41972975e+09 2.23202
1.41973375e+09 2.24267
1.41973775e+09 2.22893
1.41974175e+09 2.24058
1.41974575e+09 2.24248
1.41974975e+09 2.2285
1.41975375e+09 2.22269
1.41975775e+09 2.23204
1.41976175e+09 2.24899
1.41976575e+09 2.23485
1.41976975e+09 2.24583
1.41977375e+09 2.24094
1.41977775e+09 2.24695
1.41978175e+09 2.25723
1.41978575e+09 2.24571
1.41978975e+09 2.26767
1.41979375e+09 2.26348
1.41979775e+09 2.25291
1.41980175e+09 2.2467
1.41980575e+09 2.25083
1.41980975e+09 2.25593
1.41981375e+09 2.26601
1.41981775e+09 2.25172
1.41982175e+09 2.2537
1.41982575e+09 2.25864
1.41982975e+09 2.28369
1.41983375e+09 2.25555
1.41983775e+09 2.26377
1.41984175e+09 2.26193
1.41984575e+09 2.27773
1.41984975e+09 2.2723
1.41985375e+09 2.27201
1.41985775e+09 2.2774
1.41986175e+09 2.2731
1.41986575e+09 2.27658
1.41986975e+09 2.28164
1.41987375e+09 2.28106
1.41987775e+09 2.27844
1.41988175e+09 2.27159
1.41988575e+09 2.28988
1.41988975e+09 2.29343
1.41989375e+09 2.2711
1.41989775e+09 2.2967
1.41990175e+09 2.27545
1.41990575e+09 2.27382
1.41990975e+09 2.28488
1.41991375e+09 2.29149
1.41991775e+09 2.29551
1.41992175e+09 2.29327
1.41992575e+09 2.29792
1.41992975e+09 2.30166
1.41993375e+09 2.30926
1.41993775e+09 2.29717
1.41994175e+09 2.293
1.41994575e+09 2.28173
1.41994975e+09 2.30213
1.41995375e+09 2.29403
1.41995775e+09 2.31518
1.41996175e+09 2.30196
1.41996575e+09 2.30599
1.41996975e+09 2.31223
1.41997375e+09 2.31411
1.41997775e+09 2.30864
1.41998175e+09 2.30405
1.41998575e+09 2.30449
1.41998975e+09 2.31922
1.41999375e+09 2.32026
1.41999775e+09 2.32959
1.42000175e+09 2.3178
1.42000575e+09 2.32833
1.42000975e+09 2.3104
1.42001375e+09 2.32363
1.42001775e+09 2.31036
1.42002175e+09 2.30199
1.42002575e+09 2.32619
1.42002975e+09 2.3203
1.42003375e+09 2.31815
1.42003775e+09 2.31757
1.42004175e+09 2.32639
1.42004575e+09 2.33136
1.42004975e+09 2.33604
1.42005375e+09 2.3252
1.42005775e+09 2.30522
1.42006175e+09 2.32267
1.42006575e+09 2.32951
1.42006975e+09 2.32853
1.42007375e+09 2.33974
1.42007775e+09 2.31706
1.42008175e+09 2.33548
1.42008575e+09 2.33645
1.42008975e+09 2.3361
1.42009375e+09 2.34355
1.42009775e+09 2.34312
1.42010175e+09 2.34976
1.42010575e+09 2.36207
1.42010975e+09 2.35445
1.42011375e+09 2.35737
1.42011775e+09 2.35987
1.42012175e+09 2.34921
1.42012575e+09 2.35957
1.42012975e+09 2.34841
1.42013375e+09 2.33522
1.42013775e+09 2.34867
1.42014175e+09 2.36994
1.42014575e+09 2.33874
1.42014975e+09 2.29705
1.42015375e+09 2.19259
1.42015775e+09 2.35899
1.42016175e+09 2.36783
1.42016575e+09 2.36918
1.42016975e+09 2.36034
1.42017375e+09 2.3834
1.42017775e+09 2.37649
1.42018175e+09 2.37318
1.42018575e+09 2.36418
1.42018975e+09 2.36142
1.42019375e+09 2.3468
1.42019775e+09 2.37467
1.42020175e+09 2.36269
1.42020575e+09 2.35695
1.42020975e+09 2.36179
1.42021375e+09 2.3491
1.42021775e+09 2.34334
1.42022175e+09 2.341
1.42022575e+09 2.34102
1.42022975e+09 2.35066
1.42023375e+09 2.34446
1.42023775e+09 2.34599
1.42024175e+09 2.3241
1.42024575e+09 2.32982
1.42024975e+09 2.3183
1.42025375e+09 2.30221
1.42025775e+09 2.31113
1.42026175e+09 2.30142
1.42026575e+09 2.28677
1.42026975e+09 2.30391
1.42027375e+09 2.29027
1.42027775e+09 2.31729
1.42028175e+09 2.31902
1.42028575e+09 2.32767
1.42028975e+09 2.35711
1.42029375e+09 2.34575
1.42029775e+09 2.35473
1.42030175e+09 2.37421
1.42030575e+09 2.3848
1.42030975e+09 2.39117
1.42031375e+09 2.38462
1.42031775e+09 2.39784
1.42032175e+09 2.38926
1.42032575e+09 2.41163
1.42032975e+09 2.41869
1.42033375e+09 2.41764
1.42033775e+09 2.41645
1.42034175e+09 2.42784
1.42034575e+09 2.43295
1.42034975e+09 2.42693
1.42035375e+09 2.43897
1.42035775e+09 2.42515
1.42036175e+09 2.44357
1.42036575e+09 2.44456
1.42036975e+09 2.45536
1.42037375e+09 2.43912
1.42037775e+09 2.44777
1.42038175e+09 2.46192
1.42038575e+09 2.47717
1.42038975e+09 2.47688
1.42039375e+09 2.48053
1.42039775e+09 2.50742
1.42040175e+09 2.51977
1.42040575e+09 2.53966
1.42040975e+09 2.55958
1.42041375e+09 2.57496
1.42041775e+09 2.60448
1.42042175e+09 2.64494
1.42042575e+09 2.67288
1.42042975e+09 2.72971
1.42043375e+09 2.78202
1.42043775e+09 2.84496
1.42044175e+09 2.90055
1.42044575e+09 2.95254
1.42044975e+09 3.00472
1.42045375e+09 3.05701
1.42045775e+09 3.07306
1.42046175e+09 3.09695
1.42046575e+09 3.11526
1.42046975e+09 3.10201
1.42047375e+09 3.08602
1.42047775e+09 3.08128
1.42048175e+09 3.07284
1.42048575e+09 3.05996
1.42048975e+09 3.06065
1.42049375e+09 3.04604
1.42049775e+09 3.03885
1.42050175e+09 3.01964
1.42050575e+09 3.02136
1.42050975e+09 3.0129
1.42051375e+09 2.9651
1.42051775e+09 2.96877
1.42052175e+09 2.9417
1.42052575e+09 2.936
1.42052975e+09 2.91147
1.42053375e+09 2.90661
1.42053775e+09 2.88305
1.42054175e+09 2.88212
1.42054575e+09 2.85567
1.42054975e+09 2.85929
1.42055375e+09 2.84798
1.42055775e+09 2.82759
1.42056175e+09 2.82996
1.42056575e+09 2.81173
1.42056975e+09 2.82309
1.42057375e+09 2.81454
1.42057775e+09 2.7887
1.42058175e+09 2.79205
1.42058575e+09 2.7936
1.42058975e+09 2.80363
1.42059375e+09 2.77768
1.42059775e+09 2.77729
1.42060175e+09 2.78459
1.42060575e+09 2.80267
1.42060975e+09 2.81541
1.42061375e+09 2.82869
1.42061775e+09 2.82749
1.42062175e+09 2.84112
1.42062575e+09 2.83202
1.42062975e+09 2.85695
1.42063375e+09 2.8448
1.42063775e+09 2.87997
1.42064175e+09 2.86659
1.42064575e+09 2.86838
1.42064975e+09 2.88242
1.42065375e+09 2.87938
1.42065775e+09 2.89157
1.42066175e+09 2.88891
1.42066575e+09 2.86408
1.42066975e+09 2.88953
1.42067375e+09 2.85655
1.42067775e+09 2.85743
1.42068175e+09 2.85349
1.42068575e+09 2.85546
1.42068975e+09 2.84574
1.42069375e+09 2.84256
1.42069775e+09 2.8416
1.42070175e+09 2.84781
1.42070575e+09 2.82644
1.42070975e+09 2.84953
1.42071375e+09 2.8393
1.42071775e+09 2.844
1.42072175e+09 2.85696
1.42072575e+09 2.85002
1.42072975e+09 2.85045
1.42073375e+09 2.84683
1.42073775e+09 2.84367
1.42074175e+09 2.83046
1.42074575e+09 2.83654
1.42074975e+09 2.83805
1.42075375e+09 2.82971
1.42075775e+09 2.84032
1.42076175e+09 2.855
1.42076575e+09 2.84514
1.42076975e+09 2.84146
1.42077375e+09 2.86138
1.42077775e+09 2.84284
1.42078175e+09 2.83245
1.42078575e+09 2.8497
1.42078975e+09 2.84392
1.42079375e+09 2.83247
1.42079775e+09 2.84403
1.42080175e+09 2.84067
1.42080575e+09 2.82553
1.42080975e+09 2.8169
1.42081375e+09 2.80222
1.42081775e+09 2.78935
1.42082175e+09 2.76255
1.42082575e+09 2.77001
1.42082975e+09 2.75372
1.42083375e+09 2.7678
1.42083775e+09 2.75421
1.42084175e+09 2.74163
1.42084575e+09 2.74553
1.42084975e+09 2.73276
1.42085375e+09 2.70872
1.42085775e+09 2.70355
1.42086175e+09 2.7037
1.42086575e+09 2.70076
1.42086975e+09 2.69935
1.42087375e+09 2.68522
1.42087775e+09 2.68497
1.42088175e+09 2.68594
1.42088575e+09 2.6984
1.42088975e+09 2.68963
1.42089375e+09 2.66989
1.42089775e+09 2.68337
1.42090175e+09 2.69455
1.42090575e+09 2.70493
1.42090975e+09 2.69118
1.42091375e+09 2.70232
1.42091775e+09 2.69959
1.42092175e+09 2.71716
1.42092575e+09 2.71769
1.42092975e+09 2.72024
1.42093375e+09 2.71523
1.42093775e+09 2.69487
1.42094175e+09 2.69115
1.42094575e+09 2.67514
1.42094975e+09 2.63275
1.42095375e+09 2.6592
1.42095775e+09 2.67375
1.42096175e+09 2.65686
1.42096575e+09 2.66314
1.42096975e+09 2.64664
1.42097375e+09 2.64624
1.42097775e+09 2.62931
1.42098175e+09 2.62003
1.42098575e+09 2.60958
1.42098975e+09 2.6392
1.42099375e+09 2.61529
1.42099775e+09 2.60934
1.42100175e+09 2.62531
1.42100575e+09 2.60096
1.42100975e+09 2.60681
1.42101375e+09 2.61687
1.42101775e+09 2.60461
1.42102175e+09 2.60127
1.42102575e+09 2.58978
1.42102975e+09 2.60536
1.42103375e+09 2.58583
1.42103775e+09 2.59761
1.42104175e+09 2.59601
1.42104575e+09 2.59602
1.42104975e+09 2.58585
1.42105375e+09 2.59667
1.42105775e+09 2.59661
1.42106175e+09 2.58071
1.42106575e+09 2.57433
1.42106975e+09 2.58912
1.42107375e+09 2.61296
1.42107775e+09 2.60944
1.42108175e+09 2.58162
1.42108575e+09 2.59812
1.42108975e+09 2.59551
1.42109375e+09 2.58315
1.42109775e+09 2.58621
1.42110175e+09 2.57231
1.42110575e+09 2.58415
1.42110975e+09 2.58147
1.42111375e+09 2.57102
1.42111775e+09 2.58154
1.42112175e+09 2.57357
1.42112575e+09 2.57925
1.42112975e+09 2.56679
1.42113375e+09 2.58411
1.42113775e+09 2.59705
1.42114175e+09 2.56738
1.42114575e+09 2.57978
1.42114975e+09 2.57699
1.42115375e+09 2.5713
1.42115775e+09 2.56795
1.42116175e+09 2.57055
1.42116575e+09 2.5805
1.42116975e+09 2.56772
1.42117375e+09 2.58086
1.42117775e+09 2.56406
1.42118175e+09 2.56577
1.42118575e+09 2.57699
1.42118975e+09 2.57082
1.42119375e+09 2.57423
1.42119775e+09 2.56838
1.42120175e+09 2.58646
1.42120575e+09 2.56621
1.42120975e+09 2.57998
1.42121375e+09 2.57369
1.42121775e+09 2.58318
1.42122175e+09 2.57117
1.42122575e+09 2.57926
1.42122975e+09 2.56929
1.42123375e+09 2.57235
1.42123775e+09 2.56557
1.42124175e+09 2.56595
1.42124575e+09 2.56525
1.42124975e+09 2.56839
1.42125375e+09 2.56902
1.42125775e+09 2.56132
1.42126175e+09 2.56389
1.42126575e+09 2.5732
1.42126975e+09 2.53848
1.42127375e+09 2.55506
1.42127775e+09 2.56359
1.42128175e+09 2.55109
1.42128575e+09 2.55123
1.42128975e+09 2.54996
1.42129375e+09 2.54889
1.42129775e+09 2.53665
1.42130175e+09 2.54552
1.42130575e+09 2.54398
1.42130975e+09 2.54234
1.42131375e+09 2.53627
1.42131775e+09 2.53579
1.42132175e+09 2.53246
1.42132575e+09 2.53302
1.42132975e+09 2.50655
1.42133375e+09 2.53248
1.42133775e+09 2.51227
1.42134175e+09 2.51668
1.42134575e+09 2.50095
1.42134975e+09 2.51138
1.42135375e+09 2.50212
1.42135775e+09 2.49018
1.42136175e+09 2.49395
1.42136575e+09 2.4837
1.42136975e+09 2.48389
1.42137375e+09 2.51111
1.42137775e+09 2.47227
1.42138175e+09 2.48482
1.42138575e+09 2.47796
1.42138975e+09 2.47469
1.42139375e+09 2.45019
1.42139775e+09 2.4642
1.42140175e+09 2.45372


