# rtl-power-fftw output
# galactisch: 104
# antenne: 52-80
# dark: dark20170829153246
# data: A104_20170919211003
# -b: 500
# -t: 150
# -g: 300
# -p: 0
# Acquisition start: 2017-09-19 21:10:04 UTC
# Acquisition end: 2017-09-19 21:12:35 UTC
#
# frequency [Hz] power spectral density [dB/Hz]
1.41940575e+09 2.35398
1.41940975e+09 2.3299
1.41941375e+09 2.3405
1.41941775e+09 2.34506
1.41942175e+09 2.33403
1.41942575e+09 2.34276
1.41942975e+09 2.32624
1.41943375e+09 2.32563
1.41943775e+09 2.3126
1.41944175e+09 2.28866
1.41944575e+09 2.28175
1.41944975e+09 2.2715
1.41945375e+09 2.25945
1.41945775e+09 2.2701
1.41946175e+09 2.24124
1.41946575e+09 2.22928
1.41946975e+09 2.22275
1.41947375e+09 2.21278
1.41947775e+09 2.21983
1.41948175e+09 2.20948
1.41948575e+09 2.18269
1.41948975e+09 2.16855
1.41949375e+09 2.17044
1.41949775e+09 2.15906
1.41950175e+09 2.15345
1.41950575e+09 2.14723
1.41950975e+09 2.13105
1.41951375e+09 2.11493
1.41951775e+09 2.11048
1.41952175e+09 2.10992
1.41952575e+09 2.11658
1.41952975e+09 2.11018
1.41953375e+09 2.10143
1.41953775e+09 2.10289
1.41954175e+09 2.09631
1.41954575e+09 2.07397
1.41954975e+09 2.09264
1.41955375e+09 2.10326
1.41955775e+09 2.09617
1.41956175e+09 2.08925
1.41956575e+09 2.09199
1.41956975e+09 2.08745
1.41957375e+09 2.08341
1.41957775e+09 2.09683
1.41958175e+09 2.08662
1.41958575e+09 2.08293
1.41958975e+09 2.09828
1.41959375e+09 2.0824
1.41959775e+09 2.08472
1.41960175e+09 2.06526
1.41960575e+09 2.08461
1.41960975e+09 2.08308
1.41961375e+09 2.1001
1.41961775e+09 2.08641
1.41962175e+09 2.10231
1.41962575e+09 2.09004
1.41962975e+09 2.10123
1.41963375e+09 2.11617
1.41963775e+09 2.09294
1.41964175e+09 2.11014
1.41964575e+09 2.10239
1.41964975e+09 2.10735
1.41965375e+09 2.11793
1.41965775e+09 2.11911
1.41966175e+09 2.10877
1.41966575e+09 2.12057
1.41966975e+09 2.10783
1.41967375e+09 2.11646
1.41967775e+09 2.10684
1.41968175e+09 2.13395
1.41968575e+09 2.14032
1.41968975e+09 2.1511
1.41969375e+09 2.14347
1.41969775e+09 2.13343
1.41970175e+09 2.13921
1.41970575e+09 2.12536
1.41970975e+09 2.11574
1.41971375e+09 2.13016
1.41971775e+09 2.12893
1.41972175e+09 2.13162
1.41972575e+09 2.12836
1.41972975e+09 2.12684
1.41973375e+09 2.13656
1.41973775e+09 2.12128
1.41974175e+09 2.13914
1.41974575e+09 2.1436
1.41974975e+09 2.12328
1.41975375e+09 2.12703
1.41975775e+09 2.14285
1.41976175e+09 2.14383
1.41976575e+09 2.13422
1.41976975e+09 2.1565
1.41977375e+09 2.14105
1.41977775e+09 2.13908
1.41978175e+09 2.15573
1.41978575e+09 2.15682
1.41978975e+09 2.1512
1.41979375e+09 2.15098
1.41979775e+09 2.15436
1.41980175e+09 2.16295
1.41980575e+09 2.15933
1.41980975e+09 2.15734
1.41981375e+09 2.16566
1.41981775e+09 2.16478
1.41982175e+09 2.15708
1.41982575e+09 2.1702
1.41982975e+09 2.18856
1.41983375e+09 2.14669
1.41983775e+09 2.16501
1.41984175e+09 2.16085
1.41984575e+09 2.17283
1.41984975e+09 2.16319
1.41985375e+09 2.1626
1.41985775e+09 2.17148
1.41986175e+09 2.17329
1.41986575e+09 2.18673
1.41986975e+09 2.173
1.41987375e+09 2.17896
1.41987775e+09 2.18021
1.41988175e+09 2.17733
1.41988575e+09 2.18198
1.41988975e+09 2.19825
1.41989375e+09 2.17748
1.41989775e+09 2.18154
1.41990175e+09 2.17116
1.41990575e+09 2.16502
1.41990975e+09 2.1884
1.41991375e+09 2.18757
1.41991775e+09 2.19812
1.41992175e+09 2.19289
1.41992575e+09 2.19497
1.41992975e+09 2.20372
1.41993375e+09 2.19429
1.41993775e+09 2.19846
1.41994175e+09 2.19864
1.41994575e+09 2.17968
1.41994975e+09 2.19706
1.41995375e+09 2.19905
1.41995775e+09 2.20573
1.41996175e+09 2.21335
1.41996575e+09 2.20769
1.41996975e+09 2.21372
1.41997375e+09 2.21257
1.41997775e+09 2.21042
1.41998175e+09 2.20087
1.41998575e+09 2.19413
1.41998975e+09 2.22044
1.41999375e+09 2.20908
1.41999775e+09 2.22136
1.42000175e+09 2.20628
1.42000575e+09 2.21768
1.42000975e+09 2.21278
1.42001375e+09 2.21751
1.42001775e+09 2.20612
1.42002175e+09 2.18827
1.42002575e+09 2.21215
1.42002975e+09 2.2169
1.42003375e+09 2.22738
1.42003775e+09 2.21204
1.42004175e+09 2.21622
1.42004575e+09 2.23197
1.42004975e+09 2.23006
1.42005375e+09 2.22633
1.42005775e+09 2.20197
1.42006175e+09 2.23374
1.42006575e+09 2.21425
1.42006975e+09 2.22913
1.42007375e+09 2.23831
1.42007775e+09 2.22293
1.42008175e+09 2.24308
1.42008575e+09 2.23104
1.42008975e+09 2.23786
1.42009375e+09 2.25107
1.42009775e+09 2.24192
1.42010175e+09 2.24325
1.42010575e+09 2.2551
1.42010975e+09 2.234
1.42011375e+09 2.25434
1.42011775e+09 2.25468
1.42012175e+09 2.25302
1.42012575e+09 2.26739
1.42012975e+09 2.23878
1.42013375e+09 2.23492
1.42013775e+09 2.25448
1.42014175e+09 2.2587
1.42014575e+09 2.24219
1.42014975e+09 2.19946
1.42015375e+09 2.10549
1.42015775e+09 2.24545
1.42016175e+09 2.27747
1.42016575e+09 2.26948
1.42016975e+09 2.25054
1.42017375e+09 2.27636
1.42017775e+09 2.25701
1.42018175e+09 2.27284
1.42018575e+09 2.26085
1.42018975e+09 2.26158
1.42019375e+09 2.25082
1.42019775e+09 2.26777
1.42020175e+09 2.2595
1.42020575e+09 2.25563
1.42020975e+09 2.25657
1.42021375e+09 2.24051
1.42021775e+09 2.24626
1.42022175e+09 2.24508
1.42022575e+09 2.24465
1.42022975e+09 2.2308
1.42023375e+09 2.23236
1.42023775e+09 2.24009
1.42024175e+09 2.22811
1.42024575e+09 2.21242
1.42024975e+09 2.24676
1.42025375e+09 2.21109
1.42025775e+09 2.20466
1.42026175e+09 2.19657
1.42026575e+09 2.19256
1.42026975e+09 2.20059
1.42027375e+09 2.18529
1.42027775e+09 2.21056
1.42028175e+09 2.20586
1.42028575e+09 2.22097
1.42028975e+09 2.25259
1.42029375e+09 2.24667
1.42029775e+09 2.25178
1.42030175e+09 2.27491
1.42030575e+09 2.27004
1.42030975e+09 2.28651
1.42031375e+09 2.28607
1.42031775e+09 2.29088
1.42032175e+09 2.28424
1.42032575e+09 2.30575
1.42032975e+09 2.31156
1.42033375e+09 2.31071
1.42033775e+09 2.30646
1.42034175e+09 2.32165
1.42034575e+09 2.32068
1.42034975e+09 2.32704
1.42035375e+09 2.31507
1.42035775e+09 2.32378
1.42036175e+09 2.3196
1.42036575e+09 2.32781
1.42036975e+09 2.34147
1.42037375e+09 2.32216
1.42037775e+09 2.32041
1.42038175e+09 2.33164
1.42038575e+09 2.34257
1.42038975e+09 2.35045
1.42039375e+09 2.33494
1.42039775e+09 2.35892
1.42040175e+09 2.35918
1.42040575e+09 2.37012
1.42040975e+09 2.38115
1.42041375e+09 2.38991
1.42041775e+09 2.40702
1.42042175e+09 2.41847
1.42042575e+09 2.43345
1.42042975e+09 2.47637
1.42043375e+09 2.50358
1.42043775e+09 2.53886
1.42044175e+09 2.5924
1.42044575e+09 2.64351
1.42044975e+09 2.70666
1.42045375e+09 2.77168
1.42045775e+09 2.82058
1.42046175e+09 2.86545
1.42046575e+09 2.93687
1.42046975e+09 2.94308
1.42047375e+09 2.9654
1.42047775e+09 2.97995
1.42048175e+09 2.9926
1.42048575e+09 2.97441
1.42048975e+09 2.96215
1.42049375e+09 2.94455
1.42049775e+09 2.93764
1.42050175e+09 2.92824
1.42050575e+09 2.9097
1.42050975e+09 2.88918
1.42051375e+09 2.85015
1.42051775e+09 2.83026
1.42052175e+09 2.79476
1.42052575e+09 2.79514
1.42052975e+09 2.7691
1.42053375e+09 2.75069
1.42053775e+09 2.73821
1.42054175e+09 2.72161
1.42054575e+09 2.69442
1.42054975e+09 2.70465
1.42055375e+09 2.70366
1.42055775e+09 2.69445
1.42056175e+09 2.70081
1.42056575e+09 2.69197
1.42056975e+09 2.68835
1.42057375e+09 2.69141
1.42057775e+09 2.68287
1.42058175e+09 2.67605
1.42058575e+09 2.67789
1.42058975e+09 2.68481
1.42059375e+09 2.66865
1.42059775e+09 2.66575
1.42060175e+09 2.694
1.42060575e+09 2.68947
1.42060975e+09 2.69761
1.42061375e+09 2.70869
1.42061775e+09 2.72224
1.42062175e+09 2.73261
1.42062575e+09 2.7335
1.42062975e+09 2.73668
1.42063375e+09 2.74127
1.42063775e+09 2.75655
1.42064175e+09 2.74615
1.42064575e+09 2.75726
1.42064975e+09 2.76985
1.42065375e+09 2.77392
1.42065775e+09 2.78339
1.42066175e+09 2.76143
1.42066575e+09 2.74896
1.42066975e+09 2.75528
1.42067375e+09 2.74377
1.42067775e+09 2.72942
1.42068175e+09 2.7231
1.42068575e+09 2.73751
1.42068975e+09 2.73566
1.42069375e+09 2.73281
1.42069775e+09 2.74601
1.42070175e+09 2.76629
1.42070575e+09 2.76602
1.42070975e+09 2.78197
1.42071375e+09 2.79015
1.42071775e+09 2.79635
1.42072175e+09 2.80272
1.42072575e+09 2.80411
1.42072975e+09 2.81576
1.42073375e+09 2.80014
1.42073775e+09 2.81114
1.42074175e+09 2.79047
1.42074575e+09 2.79128
1.42074975e+09 2.78843
1.42075375e+09 2.79034
1.42075775e+09 2.78986
1.42076175e+09 2.7803
1.42076575e+09 2.78002
1.42076975e+09 2.76268
1.42077375e+09 2.77381
1.42077775e+09 2.76032
1.42078175e+09 2.75103
1.42078575e+09 2.75145
1.42078975e+09 2.74262
1.42079375e+09 2.72235
1.42079775e+09 2.7263
1.42080175e+09 2.72732
1.42080575e+09 2.71108
1.42080975e+09 2.69572
1.42081375e+09 2.67339
1.42081775e+09 2.66102
1.42082175e+09 2.6271
1.42082575e+09 2.63165
1.42082975e+09 2.61134
1.42083375e+09 2.61477
1.42083775e+09 2.59316
1.42084175e+09 2.60086
1.42084575e+09 2.58983
1.42084975e+09 2.56957
1.42085375e+09 2.55626
1.42085775e+09 2.55174
1.42086175e+09 2.56358
1.42086575e+09 2.55808
1.42086975e+09 2.55073
1.42087375e+09 2.53443
1.42087775e+09 2.54132
1.42088175e+09 2.54161
1.42088575e+09 2.55239
1.42088975e+09 2.55005
1.42089375e+09 2.5266
1.42089775e+09 2.5495
1.42090175e+09 2.55944
1.42090575e+09 2.57301
1.42090975e+09 2.55905
1.42091375e+09 2.57869
1.42091775e+09 2.57189
1.42092175e+09 2.58048
1.42092575e+09 2.58144
1.42092975e+09 2.60202
1.42093375e+09 2.59238
1.42093775e+09 2.57528
1.42094175e+09 2.57353
1.42094575e+09 2.57829
1.42094975e+09 2.52919
1.42095375e+09 2.56636
1.42095775e+09 2.55899
1.42096175e+09 2.56637
1.42096575e+09 2.55637
1.42096975e+09 2.5495
1.42097375e+09 2.55719
1.42097775e+09 2.53043
1.42098175e+09 2.52056
1.42098575e+09 2.5165
1.42098975e+09 2.54376
1.42099375e+09 2.54412
1.42099775e+09 2.52252
1.42100175e+09 2.52226
1.42100575e+09 2.52158
1.42100975e+09 2.52042
1.42101375e+09 2.50612
1.42101775e+09 2.50195
1.42102175e+09 2.5099
1.42102575e+09 2.50798
1.42102975e+09 2.51588
1.42103375e+09 2.49644
1.42103775e+09 2.49342
1.42104175e+09 2.52265
1.42104575e+09 2.50436
1.42104975e+09 2.48961
1.42105375e+09 2.50321
1.42105775e+09 2.49553
1.42106175e+09 2.50078
1.42106575e+09 2.49932
1.42106975e+09 2.50122
1.42107375e+09 2.52176
1.42107775e+09 2.51429
1.42108175e+09 2.51416
1.42108575e+09 2.50362
1.42108975e+09 2.49572
1.42109375e+09 2.50153
1.42109775e+09 2.50626
1.42110175e+09 2.5087
1.42110575e+09 2.48546
1.42110975e+09 2.50072
1.42111375e+09 2.48121
1.42111775e+09 2.49216
1.42112175e+09 2.48692
1.42112575e+09 2.48539
1.42112975e+09 2.49352
1.42113375e+09 2.48579
1.42113775e+09 2.51072
1.42114175e+09 2.49956
1.42114575e+09 2.48315
1.42114975e+09 2.501
1.42115375e+09 2.48662
1.42115775e+09 2.49282
1.42116175e+09 2.48746
1.42116575e+09 2.50752
1.42116975e+09 2.49266
1.42117375e+09 2.48638
1.42117775e+09 2.48967
1.42118175e+09 2.49043
1.42118575e+09 2.48871
1.42118975e+09 2.47976
1.42119375e+09 2.4827
1.42119775e+09 2.49016
1.42120175e+09 2.50874
1.42120575e+09 2.48584
1.42120975e+09 2.4955
1.42121375e+09 2.50208
1.42121775e+09 2.48681
1.42122175e+09 2.49981
1.42122575e+09 2.50741
1.42122975e+09 2.49023
1.42123375e+09 2.49716
1.42123775e+09 2.49087
1.42124175e+09 2.47627
1.42124575e+09 2.48109
1.42124975e+09 2.49279
1.42125375e+09 2.4833
1.42125775e+09 2.45927
1.42126175e+09 2.49176
1.42126575e+09 2.48636
1.42126975e+09 2.46743
1.42127375e+09 2.48663
1.42127775e+09 2.48199
1.42128175e+09 2.47148
1.42128575e+09 2.48563
1.42128975e+09 2.46091
1.42129375e+09 2.48363
1.42129775e+09 2.46857
1.42130175e+09 2.46926
1.42130575e+09 2.46766
1.42130975e+09 2.46247
1.42131375e+09 2.45476
1.42131775e+09 2.46963
1.42132175e+09 2.4498
1.42132575e+09 2.45608
1.42132975e+09 2.43538
1.42133375e+09 2.44538
1.42133775e+09 2.43483
1.42134175e+09 2.45008
1.42134575e+09 2.44344
1.42134975e+09 2.41938
1.42135375e+09 2.42344
1.42135775e+09 2.43196
1.42136175e+09 2.42962
1.42136575e+09 2.39755
1.42136975e+09 2.41401
1.42137375e+09 2.42213
1.42137775e+09 2.39102
1.42138175e+09 2.39563
1.42138575e+09 2.38963
1.42138975e+09 2.39624
1.42139375e+09 2.38351
1.42139775e+09 2.36611
1.42140175e+09 2.37289


