# rtl-power-fftw output
# galactisch: 108
# antenne: 49-77
# dark: dark20170829153246
# data: A108_20170919211400
# -b: 500
# -t: 150
# -g: 300
# -p: 0
# Acquisition start: 2017-09-19 21:14:01 UTC
# Acquisition end: 2017-09-19 21:16:32 UTC
#
# frequency [Hz] power spectral density [dB/Hz]
1.41940575e+09 2.26709
1.41940975e+09 2.24571
1.41941375e+09 2.25914
1.41941775e+09 2.25773
1.41942175e+09 2.23818
1.41942575e+09 2.23293
1.41942975e+09 2.24708
1.41943375e+09 2.22761
1.41943775e+09 2.20399
1.41944175e+09 2.19451
1.41944575e+09 2.19365
1.41944975e+09 2.18231
1.41945375e+09 2.17933
1.41945775e+09 2.16854
1.41946175e+09 2.15262
1.41946575e+09 2.13522
1.41946975e+09 2.14311
1.41947375e+09 2.12287
1.41947775e+09 2.11616
1.41948175e+09 2.11084
1.41948575e+09 2.08877
1.41948975e+09 2.07923
1.41949375e+09 2.07687
1.41949775e+09 2.07014
1.41950175e+09 2.06779
1.41950575e+09 2.06148
1.41950975e+09 2.05855
1.41951375e+09 2.04678
1.41951775e+09 2.04574
1.41952175e+09 2.04109
1.41952575e+09 2.02649
1.41952975e+09 2.03582
1.41953375e+09 2.02095
1.41953775e+09 2.01413
1.41954175e+09 2.01473
1.41954575e+09 2.01307
1.41954975e+09 2.01618
1.41955375e+09 2.01368
1.41955775e+09 2.0165
1.41956175e+09 2.01645
1.41956575e+09 2.02082
1.41956975e+09 1.99981
1.41957375e+09 2.00989
1.41957775e+09 2.01458
1.41958175e+09 2.0206
1.41958575e+09 2.01387
1.41958975e+09 2.01399
1.41959375e+09 2.0011
1.41959775e+09 2.00649
1.41960175e+09 1.99004
1.41960575e+09 1.99858
1.41960975e+09 2.00192
1.41961375e+09 2.01521
1.41961775e+09 2.01867
1.41962175e+09 2.02961
1.41962575e+09 2.00847
1.41962975e+09 2.0259
1.41963375e+09 2.02783
1.41963775e+09 2.01569
1.41964175e+09 2.02989
1.41964575e+09 2.02066
1.41964975e+09 2.02279
1.41965375e+09 2.03534
1.41965775e+09 2.03772
1.41966175e+09 2.02668
1.41966575e+09 2.04372
1.41966975e+09 2.02088
1.41967375e+09 2.02854
1.41967775e+09 2.02588
1.41968175e+09 2.05022
1.41968575e+09 2.0502
1.41968975e+09 2.05277
1.41969375e+09 2.07067
1.41969775e+09 2.0533
1.41970175e+09 2.0516
1.41970575e+09 2.05039
1.41970975e+09 2.04272
1.41971375e+09 2.05107
1.41971775e+09 2.04801
1.41972175e+09 2.05252
1.41972575e+09 2.05449
1.41972975e+09 2.0617
1.41973375e+09 2.0576
1.41973775e+09 2.02968
1.41974175e+09 2.06329
1.41974575e+09 2.05887
1.41974975e+09 2.05092
1.41975375e+09 2.04578
1.41975775e+09 2.05272
1.41976175e+09 2.05061
1.41976575e+09 2.04933
1.41976975e+09 2.05456
1.41977375e+09 2.05867
1.41977775e+09 2.05594
1.41978175e+09 2.06708
1.41978575e+09 2.05829
1.41978975e+09 2.0683
1.41979375e+09 2.06661
1.41979775e+09 2.0735
1.41980175e+09 2.07335
1.41980575e+09 2.06686
1.41980975e+09 2.0745
1.41981375e+09 2.08004
1.41981775e+09 2.07593
1.41982175e+09 2.07742
1.41982575e+09 2.08433
1.41982975e+09 2.09016
1.41983375e+09 2.07085
1.41983775e+09 2.07267
1.41984175e+09 2.07278
1.41984575e+09 2.08753
1.41984975e+09 2.09008
1.41985375e+09 2.08963
1.41985775e+09 2.08034
1.41986175e+09 2.08948
1.41986575e+09 2.10809
1.41986975e+09 2.08533
1.41987375e+09 2.09141
1.41987775e+09 2.09624
1.41988175e+09 2.09135
1.41988575e+09 2.09872
1.41988975e+09 2.09647
1.41989375e+09 2.0897
1.41989775e+09 2.09175
1.41990175e+09 2.07524
1.41990575e+09 2.08128
1.41990975e+09 2.08997
1.41991375e+09 2.11505
1.41991775e+09 2.10257
1.41992175e+09 2.09322
1.41992575e+09 2.10865
1.41992975e+09 2.10822
1.41993375e+09 2.12121
1.41993775e+09 2.11275
1.41994175e+09 2.10905
1.41994575e+09 2.09232
1.41994975e+09 2.10782
1.41995375e+09 2.09943
1.41995775e+09 2.12622
1.41996175e+09 2.11418
1.41996575e+09 2.10619
1.41996975e+09 2.11707
1.41997375e+09 2.1269
1.41997775e+09 2.10909
1.41998175e+09 2.12272
1.41998575e+09 2.10343
1.41998975e+09 2.13377
1.41999375e+09 2.12403
1.41999775e+09 2.13159
1.42000175e+09 2.12208
1.42000575e+09 2.13949
1.42000975e+09 2.13435
1.42001375e+09 2.1315
1.42001775e+09 2.11406
1.42002175e+09 2.11037
1.42002575e+09 2.1259
1.42002975e+09 2.1204
1.42003375e+09 2.13967
1.42003775e+09 2.12841
1.42004175e+09 2.13118
1.42004575e+09 2.14192
1.42004975e+09 2.14533
1.42005375e+09 2.13644
1.42005775e+09 2.10471
1.42006175e+09 2.14677
1.42006575e+09 2.12588
1.42006975e+09 2.14321
1.42007375e+09 2.14149
1.42007775e+09 2.13596
1.42008175e+09 2.14318
1.42008575e+09 2.13677
1.42008975e+09 2.14482
1.42009375e+09 2.15659
1.42009775e+09 2.13611
1.42010175e+09 2.14632
1.42010575e+09 2.15657
1.42010975e+09 2.14349
1.42011375e+09 2.15525
1.42011775e+09 2.15759
1.42012175e+09 2.16421
1.42012575e+09 2.17163
1.42012975e+09 2.15472
1.42013375e+09 2.15068
1.42013775e+09 2.16437
1.42014175e+09 2.16662
1.42014575e+09 2.14877
1.42014975e+09 2.09529
1.42015375e+09 1.99884
1.42015775e+09 2.15555
1.42016175e+09 2.18205
1.42016575e+09 2.17195
1.42016975e+09 2.16691
1.42017375e+09 2.17872
1.42017775e+09 2.17056
1.42018175e+09 2.16661
1.42018575e+09 2.17331
1.42018975e+09 2.17981
1.42019375e+09 2.15369
1.42019775e+09 2.17334
1.42020175e+09 2.15898
1.42020575e+09 2.1615
1.42020975e+09 2.168
1.42021375e+09 2.1567
1.42021775e+09 2.16017
1.42022175e+09 2.14966
1.42022575e+09 2.14324
1.42022975e+09 2.14694
1.42023375e+09 2.14871
1.42023775e+09 2.1404
1.42024175e+09 2.12803
1.42024575e+09 2.11958
1.42024975e+09 2.12007
1.42025375e+09 2.12474
1.42025775e+09 2.11088
1.42026175e+09 2.10744
1.42026575e+09 2.10675
1.42026975e+09 2.09943
1.42027375e+09 2.09735
1.42027775e+09 2.1177
1.42028175e+09 2.12834
1.42028575e+09 2.13458
1.42028975e+09 2.14981
1.42029375e+09 2.15165
1.42029775e+09 2.15522
1.42030175e+09 2.16998
1.42030575e+09 2.18347
1.42030975e+09 2.19298
1.42031375e+09 2.1924
1.42031775e+09 2.19957
1.42032175e+09 2.19529
1.42032575e+09 2.21445
1.42032975e+09 2.21695
1.42033375e+09 2.20797
1.42033775e+09 2.20784
1.42034175e+09 2.21726
1.42034575e+09 2.22368
1.42034975e+09 2.22444
1.42035375e+09 2.2274
1.42035775e+09 2.22148
1.42036175e+09 2.22329
1.42036575e+09 2.2151
1.42036975e+09 2.23639
1.42037375e+09 2.21681
1.42037775e+09 2.22812
1.42038175e+09 2.22574
1.42038575e+09 2.23401
1.42038975e+09 2.24339
1.42039375e+09 2.23971
1.42039775e+09 2.25938
1.42040175e+09 2.25521
1.42040575e+09 2.26228
1.42040975e+09 2.26945
1.42041375e+09 2.25997
1.42041775e+09 2.28245
1.42042175e+09 2.29778
1.42042575e+09 2.29452
1.42042975e+09 2.33163
1.42043375e+09 2.34484
1.42043775e+09 2.3776
1.42044175e+09 2.411
1.42044575e+09 2.4505
1.42044975e+09 2.48934
1.42045375e+09 2.54995
1.42045775e+09 2.59256
1.42046175e+09 2.66395
1.42046575e+09 2.73016
1.42046975e+09 2.77271
1.42047375e+09 2.8134
1.42047775e+09 2.85423
1.42048175e+09 2.89048
1.42048575e+09 2.87848
1.42048975e+09 2.89079
1.42049375e+09 2.89414
1.42049775e+09 2.89166
1.42050175e+09 2.85909
1.42050575e+09 2.84595
1.42050975e+09 2.82347
1.42051375e+09 2.77475
1.42051775e+09 2.76357
1.42052175e+09 2.72428
1.42052575e+09 2.70782
1.42052975e+09 2.68907
1.42053375e+09 2.67937
1.42053775e+09 2.65218
1.42054175e+09 2.6276
1.42054575e+09 2.60328
1.42054975e+09 2.61465
1.42055375e+09 2.59093
1.42055775e+09 2.56475
1.42056175e+09 2.5693
1.42056575e+09 2.56619
1.42056975e+09 2.5568
1.42057375e+09 2.56062
1.42057775e+09 2.54713
1.42058175e+09 2.53943
1.42058575e+09 2.54828
1.42058975e+09 2.53931
1.42059375e+09 2.52956
1.42059775e+09 2.53377
1.42060175e+09 2.54016
1.42060575e+09 2.54453
1.42060975e+09 2.54385
1.42061375e+09 2.56589
1.42061775e+09 2.5712
1.42062175e+09 2.58067
1.42062575e+09 2.57053
1.42062975e+09 2.59361
1.42063375e+09 2.59115
1.42063775e+09 2.60027
1.42064175e+09 2.59758
1.42064575e+09 2.61248
1.42064975e+09 2.62971
1.42065375e+09 2.62923
1.42065775e+09 2.64763
1.42066175e+09 2.63286
1.42066575e+09 2.63252
1.42066975e+09 2.65035
1.42067375e+09 2.62756
1.42067775e+09 2.63118
1.42068175e+09 2.63372
1.42068575e+09 2.66098
1.42068975e+09 2.65518
1.42069375e+09 2.65735
1.42069775e+09 2.68542
1.42070175e+09 2.72118
1.42070575e+09 2.72156
1.42070975e+09 2.74286
1.42071375e+09 2.76007
1.42071775e+09 2.76476
1.42072175e+09 2.77952
1.42072575e+09 2.78958
1.42072975e+09 2.78248
1.42073375e+09 2.77077
1.42073775e+09 2.76514
1.42074175e+09 2.76039
1.42074575e+09 2.74119
1.42074975e+09 2.74707
1.42075375e+09 2.72851
1.42075775e+09 2.72827
1.42076175e+09 2.72345
1.42076575e+09 2.70711
1.42076975e+09 2.68902
1.42077375e+09 2.6991
1.42077775e+09 2.6818
1.42078175e+09 2.66963
1.42078575e+09 2.66388
1.42078975e+09 2.6476
1.42079375e+09 2.62631
1.42079775e+09 2.64154
1.42080175e+09 2.63421
1.42080575e+09 2.60269
1.42080975e+09 2.59271
1.42081375e+09 2.56568
1.42081775e+09 2.55178
1.42082175e+09 2.51562
1.42082575e+09 2.5163
1.42082975e+09 2.50382
1.42083375e+09 2.50825
1.42083775e+09 2.48251
1.42084175e+09 2.48871
1.42084575e+09 2.4699
1.42084975e+09 2.45442
1.42085375e+09 2.44716
1.42085775e+09 2.45441
1.42086175e+09 2.44669
1.42086575e+09 2.44216
1.42086975e+09 2.44536
1.42087375e+09 2.43305
1.42087775e+09 2.42029
1.42088175e+09 2.43514
1.42088575e+09 2.43735
1.42088975e+09 2.42197
1.42089375e+09 2.41987
1.42089775e+09 2.41943
1.42090175e+09 2.42222
1.42090575e+09 2.44356
1.42090975e+09 2.43789
1.42091375e+09 2.43462
1.42091775e+09 2.43867
1.42092175e+09 2.45851
1.42092575e+09 2.4725
1.42092975e+09 2.46863
1.42093375e+09 2.48506
1.42093775e+09 2.47194
1.42094175e+09 2.45641
1.42094575e+09 2.45234
1.42094975e+09 2.43155
1.42095375e+09 2.44955
1.42095775e+09 2.46254
1.42096175e+09 2.45794
1.42096575e+09 2.45764
1.42096975e+09 2.46184
1.42097375e+09 2.46316
1.42097775e+09 2.42967
1.42098175e+09 2.42606
1.42098575e+09 2.43637
1.42098975e+09 2.4514
1.42099375e+09 2.43353
1.42099775e+09 2.41651
1.42100175e+09 2.42141
1.42100575e+09 2.42253
1.42100975e+09 2.42455
1.42101375e+09 2.41929
1.42101775e+09 2.40961
1.42102175e+09 2.40185
1.42102575e+09 2.3982
1.42102975e+09 2.41901
1.42103375e+09 2.39234
1.42103775e+09 2.4091
1.42104175e+09 2.41852
1.42104575e+09 2.41908
1.42104975e+09 2.39927
1.42105375e+09 2.40398
1.42105775e+09 2.4069
1.42106175e+09 2.40892
1.42106575e+09 2.39983
1.42106975e+09 2.40842
1.42107375e+09 2.42335
1.42107775e+09 2.41652
1.42108175e+09 2.41456
1.42108575e+09 2.41754
1.42108975e+09 2.40204
1.42109375e+09 2.39539
1.42109775e+09 2.40787
1.42110175e+09 2.38689
1.42110575e+09 2.39043
1.42110975e+09 2.40488
1.42111375e+09 2.37216
1.42111775e+09 2.4012
1.42112175e+09 2.38869
1.42112575e+09 2.40409
1.42112975e+09 2.3897
1.42113375e+09 2.38971
1.42113775e+09 2.39393
1.42114175e+09 2.39673
1.42114575e+09 2.39723
1.42114975e+09 2.3919
1.42115375e+09 2.39061
1.42115775e+09 2.38021
1.42116175e+09 2.3832
1.42116575e+09 2.40166
1.42116975e+09 2.38368
1.42117375e+09 2.3904
1.42117775e+09 2.39248
1.42118175e+09 2.39337
1.42118575e+09 2.39969
1.42118975e+09 2.38309
1.42119375e+09 2.38376
1.42119775e+09 2.40556
1.42120175e+09 2.39502
1.42120575e+09 2.38479
1.42120975e+09 2.40041
1.42121375e+09 2.38471
1.42121775e+09 2.38473
1.42122175e+09 2.39694
1.42122575e+09 2.39918
1.42122975e+09 2.39537
1.42123375e+09 2.38571
1.42123775e+09 2.39798
1.42124175e+09 2.38576
1.42124575e+09 2.3867
1.42124975e+09 2.3831
1.42125375e+09 2.38332
1.42125775e+09 2.3695
1.42126175e+09 2.37863
1.42126575e+09 2.3908
1.42126975e+09 2.37171
1.42127375e+09 2.38068
1.42127775e+09 2.38574
1.42128175e+09 2.37524
1.42128575e+09 2.37236
1.42128975e+09 2.36475
1.42129375e+09 2.37334
1.42129775e+09 2.37428
1.42130175e+09 2.36304
1.42130575e+09 2.36657
1.42130975e+09 2.35911
1.42131375e+09 2.35813
1.42131775e+09 2.35987
1.42132175e+09 2.35206
1.42132575e+09 2.34764
1.42132975e+09 2.32865
1.42133375e+09 2.34866
1.42133775e+09 2.32547
1.42134175e+09 2.3352
1.42134575e+09 2.33667
1.42134975e+09 2.33023
1.42135375e+09 2.31514
1.42135775e+09 2.31714
1.42136175e+09 2.31167
1.42136575e+09 2.30642
1.42136975e+09 2.31162
1.42137375e+09 2.32147
1.42137775e+09 2.2856
1.42138175e+09 2.29878
1.42138575e+09 2.30504
1.42138975e+09 2.29728
1.42139375e+09 2.28309
1.42139775e+09 2.28149
1.42140175e+09 2.26645


