# rtl-power-fftw output
# galactisch: 112
# antenne: 48-73
# dark: dark20170829153246
# data: A112_20170919211754
# -b: 500
# -t: 150
# -g: 300
# -p: 0
# Acquisition start: 2017-09-19 21:17:54 UTC
# Acquisition end: 2017-09-19 21:20:26 UTC
#
# frequency [Hz] power spectral density [dB/Hz]
1.41940575e+09 2.18044
1.41940975e+09 2.15072
1.41941375e+09 2.1689
1.41941775e+09 2.17796
1.41942175e+09 2.15214
1.41942575e+09 2.15956
1.41942975e+09 2.15761
1.41943375e+09 2.13062
1.41943775e+09 2.12256
1.41944175e+09 2.11987
1.41944575e+09 2.11153
1.41944975e+09 2.11143
1.41945375e+09 2.09154
1.41945775e+09 2.10252
1.41946175e+09 2.08649
1.41946575e+09 2.06116
1.41946975e+09 2.07873
1.41947375e+09 2.04532
1.41947775e+09 2.04318
1.41948175e+09 2.05319
1.41948575e+09 2.02427
1.41948975e+09 2.0156
1.41949375e+09 2.01001
1.41949775e+09 1.99781
1.41950175e+09 1.99771
1.41950575e+09 1.99165
1.41950975e+09 1.97939
1.41951375e+09 1.97926
1.41951775e+09 1.97126
1.41952175e+09 1.95852
1.41952575e+09 1.96403
1.41952975e+09 1.96403
1.41953375e+09 1.94788
1.41953775e+09 1.9497
1.41954175e+09 1.95494
1.41954575e+09 1.94832
1.41954975e+09 1.94207
1.41955375e+09 1.94673
1.41955775e+09 1.95652
1.41956175e+09 1.94899
1.41956575e+09 1.95516
1.41956975e+09 1.93422
1.41957375e+09 1.94733
1.41957775e+09 1.94162
1.41958175e+09 1.95003
1.41958575e+09 1.95597
1.41958975e+09 1.95699
1.41959375e+09 1.94468
1.41959775e+09 1.93629
1.41960175e+09 1.92442
1.41960575e+09 1.94814
1.41960975e+09 1.96588
1.41961375e+09 1.95557
1.41961775e+09 1.94646
1.41962175e+09 1.94843
1.41962575e+09 1.96056
1.41962975e+09 1.9579
1.41963375e+09 1.95917
1.41963775e+09 1.96001
1.41964175e+09 1.95936
1.41964575e+09 1.96131
1.41964975e+09 1.96187
1.41965375e+09 1.965
1.41965775e+09 1.95974
1.41966175e+09 1.97737
1.41966575e+09 1.98629
1.41966975e+09 1.9596
1.41967375e+09 1.97727
1.41967775e+09 1.97133
1.41968175e+09 1.98051
1.41968575e+09 1.98139
1.41968975e+09 1.98991
1.41969375e+09 1.99622
1.41969775e+09 1.99479
1.41970175e+09 1.97418
1.41970575e+09 1.98308
1.41970975e+09 1.97176
1.41971375e+09 1.97609
1.41971775e+09 1.97182
1.41972175e+09 1.98789
1.41972575e+09 1.98476
1.41972975e+09 1.98036
1.41973375e+09 1.995
1.41973775e+09 1.98327
1.41974175e+09 1.99681
1.41974575e+09 1.99467
1.41974975e+09 1.98558
1.41975375e+09 1.97682
1.41975775e+09 1.98817
1.41976175e+09 1.98433
1.41976575e+09 1.98086
1.41976975e+09 1.9887
1.41977375e+09 2.00308
1.41977775e+09 1.98875
1.41978175e+09 2.00037
1.41978575e+09 2.00336
1.41978975e+09 2.01214
1.41979375e+09 1.99009
1.41979775e+09 2.00821
1.41980175e+09 2.00667
1.41980575e+09 1.99173
1.41980975e+09 2.00859
1.41981375e+09 2.01111
1.41981775e+09 2.01799
1.41982175e+09 2.01201
1.41982575e+09 2.0117
1.41982975e+09 2.02844
1.41983375e+09 2.01397
1.41983775e+09 2.00641
1.41984175e+09 2.00716
1.41984575e+09 2.02562
1.41984975e+09 2.01596
1.41985375e+09 2.02315
1.41985775e+09 2.0279
1.41986175e+09 2.02748
1.41986575e+09 2.03104
1.41986975e+09 2.02783
1.41987375e+09 2.02016
1.41987775e+09 2.02496
1.41988175e+09 2.02126
1.41988575e+09 2.02704
1.41988975e+09 2.03581
1.41989375e+09 2.0248
1.41989775e+09 2.038
1.41990175e+09 2.02102
1.41990575e+09 2.01687
1.41990975e+09 2.03081
1.41991375e+09 2.03963
1.41991775e+09 2.0433
1.41992175e+09 2.04463
1.41992575e+09 2.05799
1.41992975e+09 2.04127
1.41993375e+09 2.04482
1.41993775e+09 2.04104
1.41994175e+09 2.0413
1.41994575e+09 2.033
1.41994975e+09 2.02964
1.41995375e+09 2.04145
1.41995775e+09 2.06215
1.41996175e+09 2.03923
1.41996575e+09 2.04458
1.41996975e+09 2.05899
1.41997375e+09 2.05093
1.41997775e+09 2.03823
1.41998175e+09 2.05525
1.41998575e+09 2.05893
1.41998975e+09 2.06526
1.41999375e+09 2.05257
1.41999775e+09 2.06713
1.42000175e+09 2.0695
1.42000575e+09 2.06289
1.42000975e+09 2.06912
1.42001375e+09 2.07021
1.42001775e+09 2.05505
1.42002175e+09 2.0312
1.42002575e+09 2.05166
1.42002975e+09 2.04879
1.42003375e+09 2.06256
1.42003775e+09 2.07072
1.42004175e+09 2.0683
1.42004575e+09 2.07417
1.42004975e+09 2.08046
1.42005375e+09 2.05993
1.42005775e+09 2.06085
1.42006175e+09 2.06218
1.42006575e+09 2.05885
1.42006975e+09 2.05661
1.42007375e+09 2.07185
1.42007775e+09 2.06945
1.42008175e+09 2.06638
1.42008575e+09 2.06609
1.42008975e+09 2.08959
1.42009375e+09 2.09375
1.42009775e+09 2.08203
1.42010175e+09 2.08942
1.42010575e+09 2.0957
1.42010975e+09 2.08757
1.42011375e+09 2.08445
1.42011775e+09 2.08826
1.42012175e+09 2.09636
1.42012575e+09 2.10118
1.42012975e+09 2.08729
1.42013375e+09 2.07032
1.42013775e+09 2.09645
1.42014175e+09 2.10476
1.42014575e+09 2.07248
1.42014975e+09 2.03659
1.42015375e+09 1.92509
1.42015775e+09 2.09277
1.42016175e+09 2.1152
1.42016575e+09 2.10519
1.42016975e+09 2.08344
1.42017375e+09 2.10452
1.42017775e+09 2.10183
1.42018175e+09 2.10748
1.42018575e+09 2.10164
1.42018975e+09 2.10589
1.42019375e+09 2.09329
1.42019775e+09 2.09494
1.42020175e+09 2.09404
1.42020575e+09 2.09512
1.42020975e+09 2.10093
1.42021375e+09 2.09012
1.42021775e+09 2.09361
1.42022175e+09 2.08731
1.42022575e+09 2.08109
1.42022975e+09 2.07963
1.42023375e+09 2.07371
1.42023775e+09 2.07958
1.42024175e+09 2.05456
1.42024575e+09 2.05828
1.42024975e+09 2.09372
1.42025375e+09 2.04562
1.42025775e+09 2.03225
1.42026175e+09 2.04778
1.42026575e+09 2.03703
1.42026975e+09 2.0302
1.42027375e+09 2.03669
1.42027775e+09 2.04592
1.42028175e+09 2.04225
1.42028575e+09 2.05916
1.42028975e+09 2.0901
1.42029375e+09 2.07921
1.42029775e+09 2.08725
1.42030175e+09 2.1078
1.42030575e+09 2.10828
1.42030975e+09 2.12353
1.42031375e+09 2.12068
1.42031775e+09 2.12063
1.42032175e+09 2.13459
1.42032575e+09 2.14492
1.42032975e+09 2.15791
1.42033375e+09 2.14857
1.42033775e+09 2.14149
1.42034175e+09 2.15404
1.42034575e+09 2.14011
1.42034975e+09 2.16339
1.42035375e+09 2.15292
1.42035775e+09 2.14994
1.42036175e+09 2.14887
1.42036575e+09 2.14916
1.42036975e+09 2.16277
1.42037375e+09 2.14891
1.42037775e+09 2.16091
1.42038175e+09 2.1559
1.42038575e+09 2.16431
1.42038975e+09 2.16976
1.42039375e+09 2.16848
1.42039775e+09 2.16988
1.42040175e+09 2.16734
1.42040575e+09 2.1779
1.42040975e+09 2.18855
1.42041375e+09 2.18102
1.42041775e+09 2.18807
1.42042175e+09 2.21777
1.42042575e+09 2.20078
1.42042975e+09 2.23296
1.42043375e+09 2.25894
1.42043775e+09 2.25512
1.42044175e+09 2.28077
1.42044575e+09 2.31485
1.42044975e+09 2.34519
1.42045375e+09 2.37984
1.42045775e+09 2.42789
1.42046175e+09 2.48244
1.42046575e+09 2.55037
1.42046975e+09 2.60664
1.42047375e+09 2.66356
1.42047775e+09 2.72758
1.42048175e+09 2.79323
1.42048575e+09 2.82343
1.42048975e+09 2.84931
1.42049375e+09 2.86973
1.42049775e+09 2.87652
1.42050175e+09 2.86126
1.42050575e+09 2.8579
1.42050975e+09 2.83778
1.42051375e+09 2.78998
1.42051775e+09 2.77871
1.42052175e+09 2.75497
1.42052575e+09 2.74628
1.42052975e+09 2.72253
1.42053375e+09 2.7087
1.42053775e+09 2.68896
1.42054175e+09 2.66647
1.42054575e+09 2.62079
1.42054975e+09 2.62923
1.42055375e+09 2.59477
1.42055775e+09 2.55563
1.42056175e+09 2.54131
1.42056575e+09 2.51756
1.42056975e+09 2.50878
1.42057375e+09 2.4894
1.42057775e+09 2.4522
1.42058175e+09 2.43783
1.42058575e+09 2.43853
1.42058975e+09 2.43003
1.42059375e+09 2.42098
1.42059775e+09 2.40894
1.42060175e+09 2.40387
1.42060575e+09 2.42066
1.42060975e+09 2.42324
1.42061375e+09 2.43011
1.42061775e+09 2.43268
1.42062175e+09 2.44104
1.42062575e+09 2.45402
1.42062975e+09 2.46593
1.42063375e+09 2.46713
1.42063775e+09 2.49776
1.42064175e+09 2.4838
1.42064575e+09 2.50708
1.42064975e+09 2.53668
1.42065375e+09 2.5364
1.42065775e+09 2.56713
1.42066175e+09 2.56919
1.42066575e+09 2.57229
1.42066975e+09 2.6051
1.42067375e+09 2.58869
1.42067775e+09 2.60937
1.42068175e+09 2.63565
1.42068575e+09 2.66797
1.42068975e+09 2.67663
1.42069375e+09 2.69191
1.42069775e+09 2.72609
1.42070175e+09 2.75383
1.42070575e+09 2.74969
1.42070975e+09 2.76468
1.42071375e+09 2.79256
1.42071775e+09 2.7963
1.42072175e+09 2.79743
1.42072575e+09 2.80861
1.42072975e+09 2.78863
1.42073375e+09 2.78834
1.42073775e+09 2.77006
1.42074175e+09 2.76029
1.42074575e+09 2.74438
1.42074975e+09 2.71884
1.42075375e+09 2.6919
1.42075775e+09 2.69223
1.42076175e+09 2.68754
1.42076575e+09 2.65465
1.42076975e+09 2.62805
1.42077375e+09 2.63198
1.42077775e+09 2.61745
1.42078175e+09 2.59541
1.42078575e+09 2.59642
1.42078975e+09 2.58404
1.42079375e+09 2.56376
1.42079775e+09 2.57123
1.42080175e+09 2.56912
1.42080575e+09 2.53695
1.42080975e+09 2.52873
1.42081375e+09 2.51738
1.42081775e+09 2.49295
1.42082175e+09 2.45699
1.42082575e+09 2.46056
1.42082975e+09 2.44248
1.42083375e+09 2.45463
1.42083775e+09 2.42742
1.42084175e+09 2.43027
1.42084575e+09 2.40608
1.42084975e+09 2.40617
1.42085375e+09 2.38114
1.42085775e+09 2.38904
1.42086175e+09 2.38273
1.42086575e+09 2.38496
1.42086975e+09 2.38562
1.42087375e+09 2.36161
1.42087775e+09 2.35901
1.42088175e+09 2.36209
1.42088575e+09 2.36309
1.42088975e+09 2.35642
1.42089375e+09 2.3317
1.42089775e+09 2.345
1.42090175e+09 2.35496
1.42090575e+09 2.36645
1.42090975e+09 2.352
1.42091375e+09 2.35924
1.42091775e+09 2.34954
1.42092175e+09 2.37456
1.42092575e+09 2.38688
1.42092975e+09 2.39047
1.42093375e+09 2.40897
1.42093775e+09 2.3815
1.42094175e+09 2.39159
1.42094575e+09 2.39581
1.42094975e+09 2.36831
1.42095375e+09 2.39207
1.42095775e+09 2.39729
1.42096175e+09 2.41399
1.42096575e+09 2.39719
1.42096975e+09 2.3958
1.42097375e+09 2.40192
1.42097775e+09 2.3639
1.42098175e+09 2.37356
1.42098575e+09 2.36872
1.42098975e+09 2.38158
1.42099375e+09 2.35737
1.42099775e+09 2.35114
1.42100175e+09 2.35218
1.42100575e+09 2.3387
1.42100975e+09 2.34459
1.42101375e+09 2.34206
1.42101775e+09 2.33385
1.42102175e+09 2.33978
1.42102575e+09 2.33589
1.42102975e+09 2.33747
1.42103375e+09 2.32335
1.42103775e+09 2.33115
1.42104175e+09 2.33432
1.42104575e+09 2.32833
1.42104975e+09 2.32558
1.42105375e+09 2.33486
1.42105775e+09 2.33329
1.42106175e+09 2.31946
1.42106575e+09 2.32851
1.42106975e+09 2.31673
1.42107375e+09 2.34423
1.42107775e+09 2.34173
1.42108175e+09 2.33962
1.42108575e+09 2.34168
1.42108975e+09 2.31462
1.42109375e+09 2.3245
1.42109775e+09 2.32512
1.42110175e+09 2.32008
1.42110575e+09 2.32294
1.42110975e+09 2.31954
1.42111375e+09 2.29648
1.42111775e+09 2.31526
1.42112175e+09 2.31314
1.42112575e+09 2.31336
1.42112975e+09 2.31577
1.42113375e+09 2.30892
1.42113775e+09 2.31731
1.42114175e+09 2.31401
1.42114575e+09 2.30313
1.42114975e+09 2.31238
1.42115375e+09 2.29943
1.42115775e+09 2.30502
1.42116175e+09 2.29889
1.42116575e+09 2.31368
1.42116975e+09 2.29917
1.42117375e+09 2.30986
1.42117775e+09 2.3094
1.42118175e+09 2.30914
1.42118575e+09 2.31828
1.42118975e+09 2.29774
1.42119375e+09 2.30181
1.42119775e+09 2.30875
1.42120175e+09 2.31333
1.42120575e+09 2.30178
1.42120975e+09 2.31407
1.42121375e+09 2.32093
1.42121775e+09 2.30084
1.42122175e+09 2.30958
1.42122575e+09 2.30583
1.42122975e+09 2.30379
1.42123375e+09 2.30357
1.42123775e+09 2.31201
1.42124175e+09 2.29983
1.42124575e+09 2.29536
1.42124975e+09 2.31173
1.42125375e+09 2.29539
1.42125775e+09 2.29006
1.42126175e+09 2.29793
1.42126575e+09 2.30778
1.42126975e+09 2.28749
1.42127375e+09 2.29569
1.42127775e+09 2.30078
1.42128175e+09 2.29016
1.42128575e+09 2.29397
1.42128975e+09 2.28393
1.42129375e+09 2.28409
1.42129775e+09 2.2844
1.42130175e+09 2.27122
1.42130575e+09 2.2783
1.42130975e+09 2.26889
1.42131375e+09 2.26295
1.42131775e+09 2.27518
1.42132175e+09 2.27778
1.42132575e+09 2.26485
1.42132975e+09 2.24899
1.42133375e+09 2.26758
1.42133775e+09 2.25712
1.42134175e+09 2.25357
1.42134575e+09 2.25817
1.42134975e+09 2.2491
1.42135375e+09 2.23723
1.42135775e+09 2.22338
1.42136175e+09 2.23724
1.42136575e+09 2.22325
1.42136975e+09 2.22647
1.42137375e+09 2.2368
1.42137775e+09 2.22169
1.42138175e+09 2.21876
1.42138575e+09 2.21753
1.42138975e+09 2.22675
1.42139375e+09 2.20884
1.42139775e+09 2.19296
1.42140175e+09 2.19325


