# rtl-power-fftw output
# galactisch: 116
# antenne: 48-70
# dark: dark20170829153246
# data: A116_20170919212149
# -b: 500
# -t: 150
# -g: 300
# -p: 0
# Acquisition start: 2017-09-19 21:21:50 UTC
# Acquisition end: 2017-09-19 21:24:21 UTC
#
# frequency [Hz] power spectral density [dB/Hz]
1.41940575e+09 2.27985
1.41940975e+09 2.2664
1.41941375e+09 2.25962
1.41941775e+09 2.26553
1.41942175e+09 2.25845
1.41942575e+09 2.24901
1.41942975e+09 2.25125
1.41943375e+09 2.23713
1.41943775e+09 2.24116
1.41944175e+09 2.21385
1.41944575e+09 2.21774
1.41944975e+09 2.2012
1.41945375e+09 2.19681
1.41945775e+09 2.19282
1.41946175e+09 2.17634
1.41946575e+09 2.16146
1.41946975e+09 2.15931
1.41947375e+09 2.13852
1.41947775e+09 2.15051
1.41948175e+09 2.1298
1.41948575e+09 2.12786
1.41948975e+09 2.10834
1.41949375e+09 2.09782
1.41949775e+09 2.09594
1.41950175e+09 2.09215
1.41950575e+09 2.09792
1.41950975e+09 2.08351
1.41951375e+09 2.06722
1.41951775e+09 2.07047
1.41952175e+09 2.05388
1.41952575e+09 2.06183
1.41952975e+09 2.07785
1.41953375e+09 2.05271
1.41953775e+09 2.04906
1.41954175e+09 2.04815
1.41954575e+09 2.04673
1.41954975e+09 2.05098
1.41955375e+09 2.05185
1.41955775e+09 2.06165
1.41956175e+09 2.05359
1.41956575e+09 2.05746
1.41956975e+09 2.04573
1.41957375e+09 2.05766
1.41957775e+09 2.04244
1.41958175e+09 2.05014
1.41958575e+09 2.03375
1.41958975e+09 2.05111
1.41959375e+09 2.03974
1.41959775e+09 2.02161
1.41960175e+09 2.03111
1.41960575e+09 2.04165
1.41960975e+09 2.05203
1.41961375e+09 2.05448
1.41961775e+09 2.04316
1.41962175e+09 2.05524
1.41962575e+09 2.0527
1.41962975e+09 2.06851
1.41963375e+09 2.06576
1.41963775e+09 2.04127
1.41964175e+09 2.05832
1.41964575e+09 2.05681
1.41964975e+09 2.05689
1.41965375e+09 2.06677
1.41965775e+09 2.06066
1.41966175e+09 2.06572
1.41966575e+09 2.06421
1.41966975e+09 2.05017
1.41967375e+09 2.0654
1.41967775e+09 2.06162
1.41968175e+09 2.08725
1.41968575e+09 2.0696
1.41968975e+09 2.0959
1.41969375e+09 2.10358
1.41969775e+09 2.08683
1.41970175e+09 2.07627
1.41970575e+09 2.09082
1.41970975e+09 2.0789
1.41971375e+09 2.09991
1.41971775e+09 2.07709
1.41972175e+09 2.0847
1.41972575e+09 2.09129
1.41972975e+09 2.08707
1.41973375e+09 2.08668
1.41973775e+09 2.08029
1.41974175e+09 2.09438
1.41974575e+09 2.09503
1.41974975e+09 2.08719
1.41975375e+09 2.07204
1.41975775e+09 2.08767
1.41976175e+09 2.08022
1.41976575e+09 2.07122
1.41976975e+09 2.09716
1.41977375e+09 2.08456
1.41977775e+09 2.08324
1.41978175e+09 2.10842
1.41978575e+09 2.10684
1.41978975e+09 2.10777
1.41979375e+09 2.09599
1.41979775e+09 2.10475
1.41980175e+09 2.11156
1.41980575e+09 2.10722
1.41980975e+09 2.11439
1.41981375e+09 2.10954
1.41981775e+09 2.11549
1.41982175e+09 2.09738
1.41982575e+09 2.11369
1.41982975e+09 2.14075
1.41983375e+09 2.10971
1.41983775e+09 2.09652
1.41984175e+09 2.11496
1.41984575e+09 2.12211
1.41984975e+09 2.11479
1.41985375e+09 2.12131
1.41985775e+09 2.11712
1.41986175e+09 2.1178
1.41986575e+09 2.13356
1.41986975e+09 2.12326
1.41987375e+09 2.12449
1.41987775e+09 2.13356
1.41988175e+09 2.11662
1.41988575e+09 2.12568
1.41988975e+09 2.12522
1.41989375e+09 2.12553
1.41989775e+09 2.13076
1.41990175e+09 2.12652
1.41990575e+09 2.11319
1.41990975e+09 2.11678
1.41991375e+09 2.14678
1.41991775e+09 2.13774
1.41992175e+09 2.13429
1.41992575e+09 2.1291
1.41992975e+09 2.15275
1.41993375e+09 2.14832
1.41993775e+09 2.15336
1.41994175e+09 2.1432
1.41994575e+09 2.1228
1.41994975e+09 2.14439
1.41995375e+09 2.12841
1.41995775e+09 2.15695
1.41996175e+09 2.1567
1.41996575e+09 2.14431
1.41996975e+09 2.13928
1.41997375e+09 2.1532
1.41997775e+09 2.14366
1.41998175e+09 2.14916
1.41998575e+09 2.14708
1.41998975e+09 2.16007
1.41999375e+09 2.15798
1.41999775e+09 2.16027
1.42000175e+09 2.14686
1.42000575e+09 2.16682
1.42000975e+09 2.15937
1.42001375e+09 2.16357
1.42001775e+09 2.15462
1.42002175e+09 2.13364
1.42002575e+09 2.15954
1.42002975e+09 2.15076
1.42003375e+09 2.15163
1.42003775e+09 2.14837
1.42004175e+09 2.16964
1.42004575e+09 2.17459
1.42004975e+09 2.17043
1.42005375e+09 2.16386
1.42005775e+09 2.15233
1.42006175e+09 2.15907
1.42006575e+09 2.16875
1.42006975e+09 2.16514
1.42007375e+09 2.17818
1.42007775e+09 2.15708
1.42008175e+09 2.16774
1.42008575e+09 2.17481
1.42008975e+09 2.18819
1.42009375e+09 2.17837
1.42009775e+09 2.18659
1.42010175e+09 2.17627
1.42010575e+09 2.19797
1.42010975e+09 2.18898
1.42011375e+09 2.18616
1.42011775e+09 2.19675
1.42012175e+09 2.1957
1.42012575e+09 2.19462
1.42012975e+09 2.18216
1.42013375e+09 2.16388
1.42013775e+09 2.19651
1.42014175e+09 2.20503
1.42014575e+09 2.16688
1.42014975e+09 2.1282
1.42015375e+09 2.03588
1.42015775e+09 2.19383
1.42016175e+09 2.20745
1.42016575e+09 2.20198
1.42016975e+09 2.19747
1.42017375e+09 2.20412
1.42017775e+09 2.19595
1.42018175e+09 2.19452
1.42018575e+09 2.19212
1.42018975e+09 2.21139
1.42019375e+09 2.17985
1.42019775e+09 2.19041
1.42020175e+09 2.19078
1.42020575e+09 2.18306
1.42020975e+09 2.20215
1.42021375e+09 2.17474
1.42021775e+09 2.19202
1.42022175e+09 2.18221
1.42022575e+09 2.17591
1.42022975e+09 2.17259
1.42023375e+09 2.17186
1.42023775e+09 2.17413
1.42024175e+09 2.16485
1.42024575e+09 2.16189
1.42024975e+09 2.19528
1.42025375e+09 2.14531
1.42025775e+09 2.13788
1.42026175e+09 2.15399
1.42026575e+09 2.12632
1.42026975e+09 2.13285
1.42027375e+09 2.12445
1.42027775e+09 2.13879
1.42028175e+09 2.15094
1.42028575e+09 2.16066
1.42028975e+09 2.18581
1.42029375e+09 2.18727
1.42029775e+09 2.18698
1.42030175e+09 2.19752
1.42030575e+09 2.21592
1.42030975e+09 2.20544
1.42031375e+09 2.21393
1.42031775e+09 2.22569
1.42032175e+09 2.23421
1.42032575e+09 2.22683
1.42032975e+09 2.23613
1.42033375e+09 2.24384
1.42033775e+09 2.23649
1.42034175e+09 2.24479
1.42034575e+09 2.23896
1.42034975e+09 2.24728
1.42035375e+09 2.26034
1.42035775e+09 2.24655
1.42036175e+09 2.23982
1.42036575e+09 2.23969
1.42036975e+09 2.25533
1.42037375e+09 2.23768
1.42037775e+09 2.24727
1.42038175e+09 2.24067
1.42038575e+09 2.24792
1.42038975e+09 2.26314
1.42039375e+09 2.24443
1.42039775e+09 2.26299
1.42040175e+09 2.26034
1.42040575e+09 2.26724
1.42040975e+09 2.27424
1.42041375e+09 2.27098
1.42041775e+09 2.27869
1.42042175e+09 2.2842
1.42042575e+09 2.28032
1.42042975e+09 2.31527
1.42043375e+09 2.32497
1.42043775e+09 2.32611
1.42044175e+09 2.35555
1.42044575e+09 2.37029
1.42044975e+09 2.39921
1.42045375e+09 2.43073
1.42045775e+09 2.45916
1.42046175e+09 2.50785
1.42046575e+09 2.5582
1.42046975e+09 2.61654
1.42047375e+09 2.66807
1.42047775e+09 2.74553
1.42048175e+09 2.8093
1.42048575e+09 2.87473
1.42048975e+09 2.91636
1.42049375e+09 2.9528
1.42049775e+09 2.97365
1.42050175e+09 2.96855
1.42050575e+09 2.96514
1.42050975e+09 2.94904
1.42051375e+09 2.90986
1.42051775e+09 2.91101
1.42052175e+09 2.88573
1.42052575e+09 2.88366
1.42052975e+09 2.86731
1.42053375e+09 2.87299
1.42053775e+09 2.86398
1.42054175e+09 2.83864
1.42054575e+09 2.7986
1.42054975e+09 2.79595
1.42055375e+09 2.76654
1.42055775e+09 2.74064
1.42056175e+09 2.7208
1.42056575e+09 2.69359
1.42056975e+09 2.65844
1.42057375e+09 2.63827
1.42057775e+09 2.59934
1.42058175e+09 2.57938
1.42058575e+09 2.55133
1.42058975e+09 2.54573
1.42059375e+09 2.51704
1.42059775e+09 2.49367
1.42060175e+09 2.51015
1.42060575e+09 2.50607
1.42060975e+09 2.50881
1.42061375e+09 2.51629
1.42061775e+09 2.51294
1.42062175e+09 2.52536
1.42062575e+09 2.52462
1.42062975e+09 2.54811
1.42063375e+09 2.55664
1.42063775e+09 2.57943
1.42064175e+09 2.58572
1.42064575e+09 2.60916
1.42064975e+09 2.63604
1.42065375e+09 2.64335
1.42065775e+09 2.67573
1.42066175e+09 2.67412
1.42066575e+09 2.69917
1.42066975e+09 2.74134
1.42067375e+09 2.73568
1.42067775e+09 2.7556
1.42068175e+09 2.77541
1.42068575e+09 2.81721
1.42068975e+09 2.83012
1.42069375e+09 2.84213
1.42069775e+09 2.86938
1.42070175e+09 2.889
1.42070575e+09 2.88884
1.42070975e+09 2.89674
1.42071375e+09 2.90955
1.42071775e+09 2.91248
1.42072175e+09 2.89643
1.42072575e+09 2.90684
1.42072975e+09 2.90087
1.42073375e+09 2.8843
1.42073775e+09 2.87344
1.42074175e+09 2.84594
1.42074575e+09 2.8256
1.42074975e+09 2.80684
1.42075375e+09 2.79848
1.42075775e+09 2.78326
1.42076175e+09 2.7586
1.42076575e+09 2.75363
1.42076975e+09 2.72736
1.42077375e+09 2.72155
1.42077775e+09 2.7143
1.42078175e+09 2.6858
1.42078575e+09 2.69508
1.42078975e+09 2.67664
1.42079375e+09 2.6641
1.42079775e+09 2.66783
1.42080175e+09 2.65619
1.42080575e+09 2.64215
1.42080975e+09 2.62953
1.42081375e+09 2.61143
1.42081775e+09 2.58909
1.42082175e+09 2.55352
1.42082575e+09 2.56588
1.42082975e+09 2.53157
1.42083375e+09 2.55209
1.42083775e+09 2.52579
1.42084175e+09 2.51779
1.42084575e+09 2.51972
1.42084975e+09 2.50714
1.42085375e+09 2.48865
1.42085775e+09 2.47163
1.42086175e+09 2.47285
1.42086575e+09 2.48136
1.42086975e+09 2.47563
1.42087375e+09 2.45558
1.42087775e+09 2.45516
1.42088175e+09 2.46687
1.42088575e+09 2.46017
1.42088975e+09 2.45407
1.42089375e+09 2.42861
1.42089775e+09 2.43866
1.42090175e+09 2.44945
1.42090575e+09 2.45361
1.42090975e+09 2.4435
1.42091375e+09 2.44934
1.42091775e+09 2.46267
1.42092175e+09 2.47601
1.42092575e+09 2.47896
1.42092975e+09 2.50093
1.42093375e+09 2.49754
1.42093775e+09 2.48234
1.42094175e+09 2.49465
1.42094575e+09 2.48623
1.42094975e+09 2.46468
1.42095375e+09 2.49131
1.42095775e+09 2.49454
1.42096175e+09 2.50236
1.42096575e+09 2.49989
1.42096975e+09 2.48797
1.42097375e+09 2.49921
1.42097775e+09 2.47778
1.42098175e+09 2.4677
1.42098575e+09 2.45598
1.42098975e+09 2.46699
1.42099375e+09 2.45049
1.42099775e+09 2.44654
1.42100175e+09 2.44711
1.42100575e+09 2.44404
1.42100975e+09 2.43616
1.42101375e+09 2.43763
1.42101775e+09 2.41613
1.42102175e+09 2.42727
1.42102575e+09 2.4228
1.42102975e+09 2.43574
1.42103375e+09 2.40837
1.42103775e+09 2.41545
1.42104175e+09 2.43602
1.42104575e+09 2.42594
1.42104975e+09 2.41103
1.42105375e+09 2.41565
1.42105775e+09 2.42025
1.42106175e+09 2.40824
1.42106575e+09 2.41134
1.42106975e+09 2.41005
1.42107375e+09 2.43488
1.42107775e+09 2.42901
1.42108175e+09 2.41277
1.42108575e+09 2.42343
1.42108975e+09 2.41029
1.42109375e+09 2.40816
1.42109775e+09 2.42292
1.42110175e+09 2.40974
1.42110575e+09 2.40103
1.42110975e+09 2.40969
1.42111375e+09 2.39783
1.42111775e+09 2.41546
1.42112175e+09 2.40222
1.42112575e+09 2.40642
1.42112975e+09 2.40188
1.42113375e+09 2.39615
1.42113775e+09 2.40359
1.42114175e+09 2.40225
1.42114575e+09 2.40112
1.42114975e+09 2.40965
1.42115375e+09 2.39386
1.42115775e+09 2.3968
1.42116175e+09 2.40156
1.42116575e+09 2.40481
1.42116975e+09 2.392
1.42117375e+09 2.40441
1.42117775e+09 2.38037
1.42118175e+09 2.39328
1.42118575e+09 2.4
1.42118975e+09 2.39158
1.42119375e+09 2.40452
1.42119775e+09 2.39055
1.42120175e+09 2.40703
1.42120575e+09 2.39654
1.42120975e+09 2.40103
1.42121375e+09 2.40187
1.42121775e+09 2.39923
1.42122175e+09 2.3965
1.42122575e+09 2.39717
1.42122975e+09 2.39112
1.42123375e+09 2.38799
1.42123775e+09 2.38774
1.42124175e+09 2.39027
1.42124575e+09 2.40154
1.42124975e+09 2.40223
1.42125375e+09 2.39182
1.42125775e+09 2.37817
1.42126175e+09 2.38372
1.42126575e+09 2.39598
1.42126975e+09 2.3624
1.42127375e+09 2.38657
1.42127775e+09 2.39497
1.42128175e+09 2.36781
1.42128575e+09 2.39222
1.42128975e+09 2.35924
1.42129375e+09 2.38309
1.42129775e+09 2.36078
1.42130175e+09 2.36479
1.42130575e+09 2.381
1.42130975e+09 2.36831
1.42131375e+09 2.35793
1.42131775e+09 2.36589
1.42132175e+09 2.36142
1.42132575e+09 2.3615
1.42132975e+09 2.34626
1.42133375e+09 2.34247
1.42133775e+09 2.347
1.42134175e+09 2.3509
1.42134575e+09 2.34559
1.42134975e+09 2.34162
1.42135375e+09 2.32591
1.42135775e+09 2.32443
1.42136175e+09 2.31145
1.42136575e+09 2.31069
1.42136975e+09 2.3135
1.42137375e+09 2.31777
1.42137775e+09 2.31073
1.42138175e+09 2.30922
1.42138575e+09 2.3219
1.42138975e+09 2.30537
1.42139375e+09 2.2984
1.42139775e+09 2.27627
1.42140175e+09 2.2827


