# rtl-power-fftw output
# galactisch: 120
# antenne: 48-66
# dark: dark20170829153246
# data: A120_20170919212553
# -b: 500
# -t: 150
# -g: 300
# -p: 0
# Acquisition start: 2017-09-19 21:25:54 UTC
# Acquisition end: 2017-09-19 21:28:25 UTC
#
# frequency [Hz] power spectral density [dB/Hz]
1.41940575e+09 2.13734
1.41940975e+09 2.12014
1.41941375e+09 2.12864
1.41941775e+09 2.13005
1.41942175e+09 2.11907
1.41942575e+09 2.11413
1.41942975e+09 2.11392
1.41943375e+09 2.11549
1.41943775e+09 2.08764
1.41944175e+09 2.08198
1.41944575e+09 2.06284
1.41944975e+09 2.0562
1.41945375e+09 2.05128
1.41945775e+09 2.05293
1.41946175e+09 2.04056
1.41946575e+09 2.0242
1.41946975e+09 2.01885
1.41947375e+09 1.99697
1.41947775e+09 1.98951
1.41948175e+09 1.99426
1.41948575e+09 1.98258
1.41948975e+09 1.96627
1.41949375e+09 1.96481
1.41949775e+09 1.9562
1.41950175e+09 1.93716
1.41950575e+09 1.94373
1.41950975e+09 1.93669
1.41951375e+09 1.91695
1.41951775e+09 1.92326
1.41952175e+09 1.90549
1.41952575e+09 1.90773
1.41952975e+09 1.9193
1.41953375e+09 1.89351
1.41953775e+09 1.90731
1.41954175e+09 1.90339
1.41954575e+09 1.88935
1.41954975e+09 1.89076
1.41955375e+09 1.8905
1.41955775e+09 1.88736
1.41956175e+09 1.89596
1.41956575e+09 1.90595
1.41956975e+09 1.88197
1.41957375e+09 1.89148
1.41957775e+09 1.89747
1.41958175e+09 1.89861
1.41958575e+09 1.89816
1.41958975e+09 1.90638
1.41959375e+09 1.88028
1.41959775e+09 1.88001
1.41960175e+09 1.86555
1.41960575e+09 1.90092
1.41960975e+09 1.89119
1.41961375e+09 1.90849
1.41961775e+09 1.88687
1.41962175e+09 1.9002
1.41962575e+09 1.88893
1.41962975e+09 1.90645
1.41963375e+09 1.91763
1.41963775e+09 1.90245
1.41964175e+09 1.91354
1.41964575e+09 1.91468
1.41964975e+09 1.90005
1.41965375e+09 1.91001
1.41965775e+09 1.90463
1.41966175e+09 1.91391
1.41966575e+09 1.91452
1.41966975e+09 1.90142
1.41967375e+09 1.92156
1.41967775e+09 1.91449
1.41968175e+09 1.92876
1.41968575e+09 1.92933
1.41968975e+09 1.93983
1.41969375e+09 1.92938
1.41969775e+09 1.94093
1.41970175e+09 1.9242
1.41970575e+09 1.93661
1.41970975e+09 1.91474
1.41971375e+09 1.94075
1.41971775e+09 1.92994
1.41972175e+09 1.93111
1.41972575e+09 1.93997
1.41972975e+09 1.94599
1.41973375e+09 1.9512
1.41973775e+09 1.92246
1.41974175e+09 1.9552
1.41974575e+09 1.94153
1.41974975e+09 1.92855
1.41975375e+09 1.91752
1.41975775e+09 1.93832
1.41976175e+09 1.9329
1.41976575e+09 1.93411
1.41976975e+09 1.93766
1.41977375e+09 1.94669
1.41977775e+09 1.94076
1.41978175e+09 1.95137
1.41978575e+09 1.93741
1.41978975e+09 1.94569
1.41979375e+09 1.94522
1.41979775e+09 1.95138
1.41980175e+09 1.95318
1.41980575e+09 1.94701
1.41980975e+09 1.94662
1.41981375e+09 1.96837
1.41981775e+09 1.95273
1.41982175e+09 1.95312
1.41982575e+09 1.96025
1.41982975e+09 1.98123
1.41983375e+09 1.95384
1.41983775e+09 1.95031
1.41984175e+09 1.96885
1.41984575e+09 1.96462
1.41984975e+09 1.95788
1.41985375e+09 1.97115
1.41985775e+09 1.96682
1.41986175e+09 1.97115
1.41986575e+09 1.97985
1.41986975e+09 1.96943
1.41987375e+09 1.96065
1.41987775e+09 1.97262
1.41988175e+09 1.96898
1.41988575e+09 1.96951
1.41988975e+09 1.97991
1.41989375e+09 1.96947
1.41989775e+09 1.96833
1.41990175e+09 1.96542
1.41990575e+09 1.96199
1.41990975e+09 1.97185
1.41991375e+09 1.99348
1.41991775e+09 1.98849
1.41992175e+09 1.97987
1.41992575e+09 1.99845
1.41992975e+09 1.99038
1.41993375e+09 1.99003
1.41993775e+09 1.98776
1.41994175e+09 1.9846
1.41994575e+09 1.98221
1.41994975e+09 1.99302
1.41995375e+09 2.00239
1.41995775e+09 2.00863
1.41996175e+09 1.99319
1.41996575e+09 1.98563
1.41996975e+09 2.00324
1.41997375e+09 2.00712
1.41997775e+09 1.99953
1.41998175e+09 1.98791
1.41998575e+09 1.99728
1.41998975e+09 2.00594
1.41999375e+09 2.00994
1.41999775e+09 2.00684
1.42000175e+09 2.01074
1.42000575e+09 2.01119
1.42000975e+09 2.0055
1.42001375e+09 2.01214
1.42001775e+09 2.00089
1.42002175e+09 1.98484
1.42002575e+09 2.0083
1.42002975e+09 2.01881
1.42003375e+09 2.01326
1.42003775e+09 2.00552
1.42004175e+09 2.01808
1.42004575e+09 2.02271
1.42004975e+09 2.02137
1.42005375e+09 2.02048
1.42005775e+09 2.00099
1.42006175e+09 2.00705
1.42006575e+09 1.99829
1.42006975e+09 2.02761
1.42007375e+09 2.01387
1.42007775e+09 2.02413
1.42008175e+09 2.02398
1.42008575e+09 2.02142
1.42008975e+09 2.04181
1.42009375e+09 2.03801
1.42009775e+09 2.029
1.42010175e+09 2.03753
1.42010575e+09 2.04315
1.42010975e+09 2.03033
1.42011375e+09 2.03265
1.42011775e+09 2.03843
1.42012175e+09 2.05199
1.42012575e+09 2.04023
1.42012975e+09 2.03355
1.42013375e+09 2.02668
1.42013775e+09 2.04177
1.42014175e+09 2.04734
1.42014575e+09 2.01966
1.42014975e+09 1.98767
1.42015375e+09 1.89408
1.42015775e+09 2.04951
1.42016175e+09 2.06764
1.42016575e+09 2.0592
1.42016975e+09 2.04072
1.42017375e+09 2.07325
1.42017775e+09 2.05003
1.42018175e+09 2.05966
1.42018575e+09 2.04719
1.42018975e+09 2.06864
1.42019375e+09 2.04191
1.42019775e+09 2.05493
1.42020175e+09 2.04519
1.42020575e+09 2.04093
1.42020975e+09 2.04846
1.42021375e+09 2.03001
1.42021775e+09 2.03833
1.42022175e+09 2.03205
1.42022575e+09 2.03255
1.42022975e+09 2.03579
1.42023375e+09 2.03362
1.42023775e+09 2.01451
1.42024175e+09 2.0123
1.42024575e+09 2.00376
1.42024975e+09 2.00666
1.42025375e+09 1.98772
1.42025775e+09 1.99698
1.42026175e+09 1.98869
1.42026575e+09 1.99628
1.42026975e+09 1.98571
1.42027375e+09 1.97739
1.42027775e+09 2.00436
1.42028175e+09 2.01343
1.42028575e+09 2.00312
1.42028975e+09 2.03227
1.42029375e+09 2.03115
1.42029775e+09 2.03667
1.42030175e+09 2.05204
1.42030575e+09 2.05721
1.42030975e+09 2.07752
1.42031375e+09 2.07335
1.42031775e+09 2.07877
1.42032175e+09 2.08994
1.42032575e+09 2.08318
1.42032975e+09 2.09831
1.42033375e+09 2.09272
1.42033775e+09 2.08954
1.42034175e+09 2.1049
1.42034575e+09 2.10273
1.42034975e+09 2.09923
1.42035375e+09 2.1065
1.42035775e+09 2.09675
1.42036175e+09 2.10552
1.42036575e+09 2.09546
1.42036975e+09 2.11244
1.42037375e+09 2.08231
1.42037775e+09 2.11432
1.42038175e+09 2.09402
1.42038575e+09 2.10497
1.42038975e+09 2.10836
1.42039375e+09 2.103
1.42039775e+09 2.1145
1.42040175e+09 2.1087
1.42040575e+09 2.11532
1.42040975e+09 2.12204
1.42041375e+09 2.11769
1.42041775e+09 2.11726
1.42042175e+09 2.13528
1.42042575e+09 2.12435
1.42042975e+09 2.15464
1.42043375e+09 2.15361
1.42043775e+09 2.17024
1.42044175e+09 2.18258
1.42044575e+09 2.20004
1.42044975e+09 2.20281
1.42045375e+09 2.236
1.42045775e+09 2.24911
1.42046175e+09 2.27887
1.42046575e+09 2.32413
1.42046975e+09 2.37746
1.42047375e+09 2.44248
1.42047775e+09 2.50697
1.42048175e+09 2.60194
1.42048575e+09 2.6724
1.42048975e+09 2.72568
1.42049375e+09 2.75607
1.42049775e+09 2.79519
1.42050175e+09 2.78168
1.42050575e+09 2.79293
1.42050975e+09 2.78036
1.42051375e+09 2.74805
1.42051775e+09 2.75277
1.42052175e+09 2.73825
1.42052575e+09 2.74786
1.42052975e+09 2.75532
1.42053375e+09 2.74083
1.42053775e+09 2.74524
1.42054175e+09 2.73762
1.42054575e+09 2.70338
1.42054975e+09 2.70377
1.42055375e+09 2.68249
1.42055775e+09 2.66814
1.42056175e+09 2.63288
1.42056575e+09 2.62618
1.42056975e+09 2.59996
1.42057375e+09 2.57177
1.42057775e+09 2.533
1.42058175e+09 2.5166
1.42058575e+09 2.48652
1.42058975e+09 2.45436
1.42059375e+09 2.44585
1.42059775e+09 2.41654
1.42060175e+09 2.41169
1.42060575e+09 2.40479
1.42060975e+09 2.40101
1.42061375e+09 2.40474
1.42061775e+09 2.39248
1.42062175e+09 2.39229
1.42062575e+09 2.39846
1.42062975e+09 2.41398
1.42063375e+09 2.41521
1.42063775e+09 2.43979
1.42064175e+09 2.44016
1.42064575e+09 2.46489
1.42064975e+09 2.48563
1.42065375e+09 2.49841
1.42065775e+09 2.52031
1.42066175e+09 2.53837
1.42066575e+09 2.55474
1.42066975e+09 2.59689
1.42067375e+09 2.58637
1.42067775e+09 2.62009
1.42068175e+09 2.63224
1.42068575e+09 2.66387
1.42068975e+09 2.67627
1.42069375e+09 2.67513
1.42069775e+09 2.70859
1.42070175e+09 2.7033
1.42070575e+09 2.70734
1.42070975e+09 2.71257
1.42071375e+09 2.7288
1.42071775e+09 2.71872
1.42072175e+09 2.74019
1.42072575e+09 2.72804
1.42072975e+09 2.72516
1.42073375e+09 2.7094
1.42073775e+09 2.69658
1.42074175e+09 2.69425
1.42074575e+09 2.67029
1.42074975e+09 2.66879
1.42075375e+09 2.64283
1.42075775e+09 2.65352
1.42076175e+09 2.64023
1.42076575e+09 2.61625
1.42076975e+09 2.60038
1.42077375e+09 2.60998
1.42077775e+09 2.59952
1.42078175e+09 2.59285
1.42078575e+09 2.59069
1.42078975e+09 2.5716
1.42079375e+09 2.55273
1.42079775e+09 2.54124
1.42080175e+09 2.54751
1.42080575e+09 2.51016
1.42080975e+09 2.51402
1.42081375e+09 2.49199
1.42081775e+09 2.47102
1.42082175e+09 2.43826
1.42082575e+09 2.45022
1.42082975e+09 2.42905
1.42083375e+09 2.42573
1.42083775e+09 2.40713
1.42084175e+09 2.3913
1.42084575e+09 2.38538
1.42084975e+09 2.36719
1.42085375e+09 2.3458
1.42085775e+09 2.33682
1.42086175e+09 2.32465
1.42086575e+09 2.34346
1.42086975e+09 2.34052
1.42087375e+09 2.31182
1.42087775e+09 2.30864
1.42088175e+09 2.33425
1.42088575e+09 2.33288
1.42088975e+09 2.31974
1.42089375e+09 2.29224
1.42089775e+09 2.30869
1.42090175e+09 2.32257
1.42090575e+09 2.3401
1.42090975e+09 2.31224
1.42091375e+09 2.32385
1.42091775e+09 2.33112
1.42092175e+09 2.3401
1.42092575e+09 2.34374
1.42092975e+09 2.3615
1.42093375e+09 2.3615
1.42093775e+09 2.34031
1.42094175e+09 2.34191
1.42094575e+09 2.35572
1.42094975e+09 2.32656
1.42095375e+09 2.34159
1.42095775e+09 2.35969
1.42096175e+09 2.36156
1.42096575e+09 2.36612
1.42096975e+09 2.3746
1.42097375e+09 2.36169
1.42097775e+09 2.34194
1.42098175e+09 2.34392
1.42098575e+09 2.33988
1.42098975e+09 2.34399
1.42099375e+09 2.3358
1.42099775e+09 2.33182
1.42100175e+09 2.32311
1.42100575e+09 2.32753
1.42100975e+09 2.32024
1.42101375e+09 2.31855
1.42101775e+09 2.29751
1.42102175e+09 2.29366
1.42102575e+09 2.28474
1.42102975e+09 2.31475
1.42103375e+09 2.28965
1.42103775e+09 2.29453
1.42104175e+09 2.29916
1.42104575e+09 2.28281
1.42104975e+09 2.28198
1.42105375e+09 2.28256
1.42105775e+09 2.2891
1.42106175e+09 2.28344
1.42106575e+09 2.27097
1.42106975e+09 2.28097
1.42107375e+09 2.30179
1.42107775e+09 2.29944
1.42108175e+09 2.27707
1.42108575e+09 2.28422
1.42108975e+09 2.27975
1.42109375e+09 2.27355
1.42109775e+09 2.28191
1.42110175e+09 2.28171
1.42110575e+09 2.26695
1.42110975e+09 2.27468
1.42111375e+09 2.26847
1.42111775e+09 2.2749
1.42112175e+09 2.25389
1.42112575e+09 2.27162
1.42112975e+09 2.28415
1.42113375e+09 2.26081
1.42113775e+09 2.27923
1.42114175e+09 2.27376
1.42114575e+09 2.267
1.42114975e+09 2.2647
1.42115375e+09 2.26585
1.42115775e+09 2.25855
1.42116175e+09 2.27793
1.42116575e+09 2.28046
1.42116975e+09 2.2644
1.42117375e+09 2.26992
1.42117775e+09 2.25746
1.42118175e+09 2.27042
1.42118575e+09 2.2827
1.42118975e+09 2.26431
1.42119375e+09 2.2637
1.42119775e+09 2.27033
1.42120175e+09 2.27815
1.42120575e+09 2.25844
1.42120975e+09 2.27327
1.42121375e+09 2.28299
1.42121775e+09 2.25761
1.42122175e+09 2.26322
1.42122575e+09 2.27258
1.42122975e+09 2.27638
1.42123375e+09 2.2601
1.42123775e+09 2.26775
1.42124175e+09 2.25974
1.42124575e+09 2.25358
1.42124975e+09 2.2748
1.42125375e+09 2.26267
1.42125775e+09 2.24975
1.42126175e+09 2.26731
1.42126575e+09 2.2635
1.42126975e+09 2.24187
1.42127375e+09 2.26112
1.42127775e+09 2.26037
1.42128175e+09 2.25801
1.42128575e+09 2.26015
1.42128975e+09 2.2493
1.42129375e+09 2.25546
1.42129775e+09 2.23519
1.42130175e+09 2.23876
1.42130575e+09 2.25622
1.42130975e+09 2.23984
1.42131375e+09 2.22805
1.42131775e+09 2.23525
1.42132175e+09 2.24504
1.42132575e+09 2.22085
1.42132975e+09 2.21876
1.42133375e+09 2.21661
1.42133775e+09 2.2144
1.42134175e+09 2.21758
1.42134575e+09 2.22055
1.42134975e+09 2.21412
1.42135375e+09 2.20318
1.42135775e+09 2.19545
1.42136175e+09 2.19604
1.42136575e+09 2.1788
1.42136975e+09 2.19173
1.42137375e+09 2.2021
1.42137775e+09 2.15684
1.42138175e+09 2.18145
1.42138575e+09 2.18226
1.42138975e+09 2.17513
1.42139375e+09 2.16195
1.42139775e+09 2.15422
1.42140175e+09 2.14585


