# rtl-power-fftw output
# galactisch: 124
# antenne: 48-63
# dark: dark20170829153246
# data: A124_20170919212956
# -b: 500
# -t: 150
# -g: 300
# -p: 0
# Acquisition start: 2017-09-19 21:29:57 UTC
# Acquisition end: 2017-09-19 21:32:28 UTC
#
# frequency [Hz] power spectral density [dB/Hz]
1.41940575e+09 2.1155
1.41940975e+09 2.10066
1.41941375e+09 2.10795
1.41941775e+09 2.1161
1.41942175e+09 2.10771
1.41942575e+09 2.11029
1.41942975e+09 2.10786
1.41943375e+09 2.09117
1.41943775e+09 2.07832
1.41944175e+09 2.07667
1.41944575e+09 2.07928
1.41944975e+09 2.07255
1.41945375e+09 2.07303
1.41945775e+09 2.07648
1.41946175e+09 2.071
1.41946575e+09 2.04436
1.41946975e+09 2.06174
1.41947375e+09 2.05208
1.41947775e+09 2.04178
1.41948175e+09 2.04628
1.41948575e+09 2.02597
1.41948975e+09 2.0117
1.41949375e+09 2.01808
1.41949775e+09 2.01792
1.41950175e+09 2.00138
1.41950575e+09 1.99962
1.41950975e+09 2.00475
1.41951375e+09 1.99074
1.41951775e+09 1.97695
1.41952175e+09 1.97202
1.41952575e+09 1.9807
1.41952975e+09 1.97288
1.41953375e+09 1.97426
1.41953775e+09 1.96816
1.41954175e+09 1.96279
1.41954575e+09 1.96415
1.41954975e+09 1.96789
1.41955375e+09 1.96819
1.41955775e+09 1.97153
1.41956175e+09 1.96869
1.41956575e+09 1.97697
1.41956975e+09 1.95704
1.41957375e+09 1.96216
1.41957775e+09 1.977
1.41958175e+09 1.96262
1.41958575e+09 1.96582
1.41958975e+09 1.96471
1.41959375e+09 1.95757
1.41959775e+09 1.95271
1.41960175e+09 1.94142
1.41960575e+09 1.95993
1.41960975e+09 1.95294
1.41961375e+09 1.97174
1.41961775e+09 1.9587
1.41962175e+09 1.96592
1.41962575e+09 1.96698
1.41962975e+09 1.97605
1.41963375e+09 1.98235
1.41963775e+09 1.97382
1.41964175e+09 1.98436
1.41964575e+09 1.96951
1.41964975e+09 1.9805
1.41965375e+09 1.98995
1.41965775e+09 1.97524
1.41966175e+09 1.97103
1.41966575e+09 1.98853
1.41966975e+09 1.96825
1.41967375e+09 1.99164
1.41967775e+09 1.97862
1.41968175e+09 2.00307
1.41968575e+09 1.99806
1.41968975e+09 2.01232
1.41969375e+09 1.99958
1.41969775e+09 2.0061
1.41970175e+09 1.99097
1.41970575e+09 1.99555
1.41970975e+09 1.99298
1.41971375e+09 2.00073
1.41971775e+09 1.98692
1.41972175e+09 1.98863
1.41972575e+09 1.99726
1.41972975e+09 1.99528
1.41973375e+09 2.01062
1.41973775e+09 1.97679
1.41974175e+09 2.00123
1.41974575e+09 2.00057
1.41974975e+09 1.9895
1.41975375e+09 1.97811
1.41975775e+09 2.0025
1.41976175e+09 1.99101
1.41976575e+09 1.99059
1.41976975e+09 2.00993
1.41977375e+09 1.99379
1.41977775e+09 1.9917
1.41978175e+09 2.01114
1.41978575e+09 2.01036
1.41978975e+09 2.02031
1.41979375e+09 2.01153
1.41979775e+09 2.01158
1.41980175e+09 2.01423
1.41980575e+09 2.01301
1.41980975e+09 2.01815
1.41981375e+09 2.02483
1.41981775e+09 2.02557
1.41982175e+09 2.01998
1.41982575e+09 2.02034
1.41982975e+09 2.034
1.41983375e+09 2.01099
1.41983775e+09 2.02048
1.41984175e+09 2.02364
1.41984575e+09 2.02464
1.41984975e+09 2.02667
1.41985375e+09 2.01792
1.41985775e+09 2.0255
1.41986175e+09 2.02264
1.41986575e+09 2.04334
1.41986975e+09 2.02692
1.41987375e+09 2.0233
1.41987775e+09 2.03296
1.41988175e+09 2.02572
1.41988575e+09 2.02499
1.41988975e+09 2.02698
1.41989375e+09 2.02116
1.41989775e+09 2.02999
1.41990175e+09 2.02625
1.41990575e+09 2.01242
1.41990975e+09 2.02709
1.41991375e+09 2.04116
1.41991775e+09 2.04063
1.41992175e+09 2.02824
1.41992575e+09 2.04465
1.41992975e+09 2.03273
1.41993375e+09 2.04548
1.41993775e+09 2.03542
1.41994175e+09 2.03486
1.41994575e+09 2.01576
1.41994975e+09 2.03477
1.41995375e+09 2.03631
1.41995775e+09 2.05454
1.41996175e+09 2.06325
1.41996575e+09 2.04078
1.41996975e+09 2.04383
1.41997375e+09 2.05125
1.41997775e+09 2.04843
1.41998175e+09 2.04117
1.41998575e+09 2.04921
1.41998975e+09 2.06115
1.41999375e+09 2.06062
1.41999775e+09 2.05654
1.42000175e+09 2.05914
1.42000575e+09 2.07522
1.42000975e+09 2.05871
1.42001375e+09 2.06234
1.42001775e+09 2.04415
1.42002175e+09 2.02287
1.42002575e+09 2.05007
1.42002975e+09 2.05726
1.42003375e+09 2.05361
1.42003775e+09 2.05055
1.42004175e+09 2.06502
1.42004575e+09 2.05397
1.42004975e+09 2.06291
1.42005375e+09 2.0535
1.42005775e+09 2.0407
1.42006175e+09 2.04851
1.42006575e+09 2.04019
1.42006975e+09 2.05534
1.42007375e+09 2.05636
1.42007775e+09 2.06176
1.42008175e+09 2.06821
1.42008575e+09 2.05849
1.42008975e+09 2.08017
1.42009375e+09 2.07118
1.42009775e+09 2.07643
1.42010175e+09 2.06248
1.42010575e+09 2.07631
1.42010975e+09 2.06216
1.42011375e+09 2.07664
1.42011775e+09 2.08266
1.42012175e+09 2.08578
1.42012575e+09 2.08108
1.42012975e+09 2.07591
1.42013375e+09 2.05571
1.42013775e+09 2.08658
1.42014175e+09 2.08604
1.42014575e+09 2.06429
1.42014975e+09 2.02255
1.42015375e+09 1.92985
1.42015775e+09 2.08717
1.42016175e+09 2.09971
1.42016575e+09 2.08746
1.42016975e+09 2.0713
1.42017375e+09 2.0867
1.42017775e+09 2.0909
1.42018175e+09 2.08994
1.42018575e+09 2.0818
1.42018975e+09 2.09372
1.42019375e+09 2.07415
1.42019775e+09 2.0751
1.42020175e+09 2.07039
1.42020575e+09 2.08624
1.42020975e+09 2.08405
1.42021375e+09 2.07224
1.42021775e+09 2.07655
1.42022175e+09 2.06827
1.42022575e+09 2.05208
1.42022975e+09 2.0743
1.42023375e+09 2.06961
1.42023775e+09 2.05645
1.42024175e+09 2.05747
1.42024575e+09 2.03912
1.42024975e+09 2.04887
1.42025375e+09 2.02324
1.42025775e+09 2.01338
1.42026175e+09 2.01868
1.42026575e+09 2.00985
1.42026975e+09 2.00879
1.42027375e+09 2.00818
1.42027775e+09 2.02774
1.42028175e+09 2.02094
1.42028575e+09 2.03007
1.42028975e+09 2.06757
1.42029375e+09 2.05478
1.42029775e+09 2.06536
1.42030175e+09 2.08993
1.42030575e+09 2.0982
1.42030975e+09 2.09121
1.42031375e+09 2.10466
1.42031775e+09 2.10658
1.42032175e+09 2.11878
1.42032575e+09 2.1134
1.42032975e+09 2.1302
1.42033375e+09 2.11992
1.42033775e+09 2.11861
1.42034175e+09 2.12757
1.42034575e+09 2.12149
1.42034975e+09 2.13578
1.42035375e+09 2.12602
1.42035775e+09 2.1308
1.42036175e+09 2.11615
1.42036575e+09 2.10971
1.42036975e+09 2.12301
1.42037375e+09 2.11757
1.42037775e+09 2.13135
1.42038175e+09 2.11673
1.42038575e+09 2.12145
1.42038975e+09 2.11272
1.42039375e+09 2.10918
1.42039775e+09 2.12511
1.42040175e+09 2.12065
1.42040575e+09 2.12717
1.42040975e+09 2.13379
1.42041375e+09 2.12016
1.42041775e+09 2.12331
1.42042175e+09 2.14803
1.42042575e+09 2.1353
1.42042975e+09 2.15877
1.42043375e+09 2.16463
1.42043775e+09 2.16798
1.42044175e+09 2.18007
1.42044575e+09 2.18553
1.42044975e+09 2.20144
1.42045375e+09 2.22641
1.42045775e+09 2.22669
1.42046175e+09 2.25558
1.42046575e+09 2.29052
1.42046975e+09 2.3331
1.42047375e+09 2.36155
1.42047775e+09 2.43998
1.42048175e+09 2.51565
1.42048575e+09 2.59215
1.42048975e+09 2.64988
1.42049375e+09 2.69878
1.42049775e+09 2.73378
1.42050175e+09 2.75619
1.42050575e+09 2.77284
1.42050975e+09 2.77276
1.42051375e+09 2.75329
1.42051775e+09 2.77253
1.42052175e+09 2.7478
1.42052575e+09 2.75875
1.42052975e+09 2.75542
1.42053375e+09 2.76392
1.42053775e+09 2.76488
1.42054175e+09 2.75533
1.42054575e+09 2.74291
1.42054975e+09 2.7456
1.42055375e+09 2.73918
1.42055775e+09 2.72271
1.42056175e+09 2.70377
1.42056575e+09 2.67436
1.42056975e+09 2.65909
1.42057375e+09 2.63597
1.42057775e+09 2.58985
1.42058175e+09 2.57244
1.42058575e+09 2.54869
1.42058975e+09 2.52743
1.42059375e+09 2.48843
1.42059775e+09 2.46667
1.42060175e+09 2.45723
1.42060575e+09 2.44119
1.42060975e+09 2.4305
1.42061375e+09 2.4215
1.42061775e+09 2.41753
1.42062175e+09 2.40807
1.42062575e+09 2.39864
1.42062975e+09 2.40782
1.42063375e+09 2.40263
1.42063775e+09 2.42745
1.42064175e+09 2.42697
1.42064575e+09 2.43847
1.42064975e+09 2.46945
1.42065375e+09 2.46943
1.42065775e+09 2.5064
1.42066175e+09 2.49904
1.42066575e+09 2.50625
1.42066975e+09 2.541
1.42067375e+09 2.54242
1.42067775e+09 2.54931
1.42068175e+09 2.56407
1.42068575e+09 2.60476
1.42068975e+09 2.60831
1.42069375e+09 2.606
1.42069775e+09 2.62845
1.42070175e+09 2.63533
1.42070575e+09 2.64063
1.42070975e+09 2.63951
1.42071375e+09 2.65075
1.42071775e+09 2.65312
1.42072175e+09 2.65885
1.42072575e+09 2.66877
1.42072975e+09 2.6706
1.42073375e+09 2.66259
1.42073775e+09 2.66235
1.42074175e+09 2.65396
1.42074575e+09 2.656
1.42074975e+09 2.65411
1.42075375e+09 2.63527
1.42075775e+09 2.64497
1.42076175e+09 2.64471
1.42076575e+09 2.63323
1.42076975e+09 2.63507
1.42077375e+09 2.63722
1.42077775e+09 2.61219
1.42078175e+09 2.61444
1.42078575e+09 2.61174
1.42078975e+09 2.60086
1.42079375e+09 2.57424
1.42079775e+09 2.58173
1.42080175e+09 2.56859
1.42080575e+09 2.54432
1.42080975e+09 2.53464
1.42081375e+09 2.51066
1.42081775e+09 2.48541
1.42082175e+09 2.44493
1.42082575e+09 2.46451
1.42082975e+09 2.43395
1.42083375e+09 2.45393
1.42083775e+09 2.40618
1.42084175e+09 2.39285
1.42084575e+09 2.37402
1.42084975e+09 2.3537
1.42085375e+09 2.3457
1.42085775e+09 2.3365
1.42086175e+09 2.32641
1.42086575e+09 2.3173
1.42086975e+09 2.31369
1.42087375e+09 2.29482
1.42087775e+09 2.29715
1.42088175e+09 2.30421
1.42088575e+09 2.30924
1.42088975e+09 2.29695
1.42089375e+09 2.28576
1.42089775e+09 2.27948
1.42090175e+09 2.29819
1.42090575e+09 2.30825
1.42090975e+09 2.289
1.42091375e+09 2.29955
1.42091775e+09 2.29692
1.42092175e+09 2.30898
1.42092575e+09 2.32236
1.42092975e+09 2.33272
1.42093375e+09 2.32876
1.42093775e+09 2.30778
1.42094175e+09 2.31147
1.42094575e+09 2.30729
1.42094975e+09 2.28467
1.42095375e+09 2.30868
1.42095775e+09 2.32232
1.42096175e+09 2.32802
1.42096575e+09 2.32266
1.42096975e+09 2.33192
1.42097375e+09 2.3301
1.42097775e+09 2.31668
1.42098175e+09 2.31793
1.42098575e+09 2.30197
1.42098975e+09 2.33281
1.42099375e+09 2.31821
1.42099775e+09 2.3034
1.42100175e+09 2.29744
1.42100575e+09 2.27825
1.42100975e+09 2.29266
1.42101375e+09 2.27004
1.42101775e+09 2.28271
1.42102175e+09 2.26998
1.42102575e+09 2.26029
1.42102975e+09 2.26723
1.42103375e+09 2.2451
1.42103775e+09 2.24206
1.42104175e+09 2.26049
1.42104575e+09 2.24546
1.42104975e+09 2.23245
1.42105375e+09 2.23883
1.42105775e+09 2.24545
1.42106175e+09 2.23377
1.42106575e+09 2.23419
1.42106975e+09 2.22628
1.42107375e+09 2.24741
1.42107775e+09 2.24964
1.42108175e+09 2.23614
1.42108575e+09 2.24192
1.42108975e+09 2.23555
1.42109375e+09 2.22925
1.42109775e+09 2.23234
1.42110175e+09 2.22922
1.42110575e+09 2.22231
1.42110975e+09 2.23134
1.42111375e+09 2.2001
1.42111775e+09 2.21721
1.42112175e+09 2.21757
1.42112575e+09 2.21223
1.42112975e+09 2.20744
1.42113375e+09 2.20268
1.42113775e+09 2.22104
1.42114175e+09 2.21682
1.42114575e+09 2.21442
1.42114975e+09 2.22008
1.42115375e+09 2.20441
1.42115775e+09 2.19861
1.42116175e+09 2.20732
1.42116575e+09 2.22295
1.42116975e+09 2.19221
1.42117375e+09 2.21264
1.42117775e+09 2.20086
1.42118175e+09 2.20344
1.42118575e+09 2.21136
1.42118975e+09 2.19831
1.42119375e+09 2.20788
1.42119775e+09 2.20273
1.42120175e+09 2.20506
1.42120575e+09 2.20275
1.42120975e+09 2.21633
1.42121375e+09 2.20834
1.42121775e+09 2.19381
1.42122175e+09 2.20411
1.42122575e+09 2.20327
1.42122975e+09 2.18793
1.42123375e+09 2.19876
1.42123775e+09 2.1994
1.42124175e+09 2.20103
1.42124575e+09 2.19731
1.42124975e+09 2.21625
1.42125375e+09 2.19352
1.42125775e+09 2.17451
1.42126175e+09 2.18885
1.42126575e+09 2.19115
1.42126975e+09 2.18528
1.42127375e+09 2.19169
1.42127775e+09 2.19682
1.42128175e+09 2.19456
1.42128575e+09 2.18474
1.42128975e+09 2.17805
1.42129375e+09 2.18952
1.42129775e+09 2.17234
1.42130175e+09 2.1614
1.42130575e+09 2.188
1.42130975e+09 2.16921
1.42131375e+09 2.17251
1.42131775e+09 2.17811
1.42132175e+09 2.16235
1.42132575e+09 2.1797
1.42132975e+09 2.14002
1.42133375e+09 2.16452
1.42133775e+09 2.15139
1.42134175e+09 2.16442
1.42134575e+09 2.15809
1.42134975e+09 2.16162
1.42135375e+09 2.15498
1.42135775e+09 2.15641
1.42136175e+09 2.14757
1.42136575e+09 2.13318
1.42136975e+09 2.14264
1.42137375e+09 2.15228
1.42137775e+09 2.13079
1.42138175e+09 2.14746
1.42138575e+09 2.14979
1.42138975e+09 2.14483
1.42139375e+09 2.1246
1.42139775e+09 2.11993
1.42140175e+09 2.13154


