# rtl-power-fftw output
# galactisch: 128
# antenne: 48-59
# dark: dark20170829153246
# data: A128_20170919213355
# -b: 500
# -t: 150
# -g: 300
# -p: 0
# Acquisition start: 2017-09-19 21:33:55 UTC
# Acquisition end: 2017-09-19 21:36:27 UTC
#
# frequency [Hz] power spectral density [dB/Hz]
1.41940575e+09 2.33428
1.41940975e+09 2.31395
1.41941375e+09 2.33516
1.41941775e+09 2.33226
1.41942175e+09 2.30333
1.41942575e+09 2.31485
1.41942975e+09 2.32295
1.41943375e+09 2.29655
1.41943775e+09 2.28051
1.41944175e+09 2.26595
1.41944575e+09 2.26754
1.41944975e+09 2.25269
1.41945375e+09 2.2487
1.41945775e+09 2.23903
1.41946175e+09 2.22115
1.41946575e+09 2.21584
1.41946975e+09 2.21817
1.41947375e+09 2.18761
1.41947775e+09 2.2001
1.41948175e+09 2.18853
1.41948575e+09 2.17246
1.41948975e+09 2.14834
1.41949375e+09 2.16396
1.41949775e+09 2.16017
1.41950175e+09 2.14058
1.41950575e+09 2.13193
1.41950975e+09 2.12889
1.41951375e+09 2.11963
1.41951775e+09 2.10909
1.41952175e+09 2.10289
1.41952575e+09 2.1097
1.41952975e+09 2.11878
1.41953375e+09 2.09906
1.41953775e+09 2.09251
1.41954175e+09 2.0948
1.41954575e+09 2.07807
1.41954975e+09 2.08712
1.41955375e+09 2.08439
1.41955775e+09 2.09695
1.41956175e+09 2.0909
1.41956575e+09 2.10035
1.41956975e+09 2.07254
1.41957375e+09 2.0961
1.41957775e+09 2.09605
1.41958175e+09 2.0945
1.41958575e+09 2.09717
1.41958975e+09 2.10008
1.41959375e+09 2.08473
1.41959775e+09 2.07235
1.41960175e+09 2.07316
1.41960575e+09 2.08654
1.41960975e+09 2.08458
1.41961375e+09 2.10473
1.41961775e+09 2.07737
1.41962175e+09 2.11365
1.41962575e+09 2.10217
1.41962975e+09 2.10914
1.41963375e+09 2.11066
1.41963775e+09 2.10996
1.41964175e+09 2.11116
1.41964575e+09 2.10862
1.41964975e+09 2.1036
1.41965375e+09 2.12936
1.41965775e+09 2.10427
1.41966175e+09 2.11511
1.41966575e+09 2.12702
1.41966975e+09 2.11325
1.41967375e+09 2.12054
1.41967775e+09 2.11839
1.41968175e+09 2.13988
1.41968575e+09 2.14002
1.41968975e+09 2.15044
1.41969375e+09 2.15274
1.41969775e+09 2.14493
1.41970175e+09 2.13722
1.41970575e+09 2.13722
1.41970975e+09 2.1308
1.41971375e+09 2.13507
1.41971775e+09 2.13902
1.41972175e+09 2.13292
1.41972575e+09 2.14604
1.41972975e+09 2.13757
1.41973375e+09 2.14613
1.41973775e+09 2.12859
1.41974175e+09 2.15093
1.41974575e+09 2.16027
1.41974975e+09 2.1375
1.41975375e+09 2.13096
1.41975775e+09 2.13947
1.41976175e+09 2.14304
1.41976575e+09 2.15667
1.41976975e+09 2.1505
1.41977375e+09 2.15087
1.41977775e+09 2.14359
1.41978175e+09 2.16112
1.41978575e+09 2.1452
1.41978975e+09 2.17055
1.41979375e+09 2.15761
1.41979775e+09 2.16244
1.41980175e+09 2.16569
1.41980575e+09 2.15855
1.41980975e+09 2.17336
1.41981375e+09 2.17543
1.41981775e+09 2.17694
1.41982175e+09 2.17495
1.41982575e+09 2.18064
1.41982975e+09 2.19787
1.41983375e+09 2.16361
1.41983775e+09 2.18375
1.41984175e+09 2.17216
1.41984575e+09 2.19486
1.41984975e+09 2.18705
1.41985375e+09 2.1809
1.41985775e+09 2.18966
1.41986175e+09 2.18701
1.41986575e+09 2.20175
1.41986975e+09 2.19123
1.41987375e+09 2.18277
1.41987775e+09 2.20012
1.41988175e+09 2.18717
1.41988575e+09 2.19317
1.41988975e+09 2.19045
1.41989375e+09 2.18703
1.41989775e+09 2.19345
1.41990175e+09 2.18942
1.41990575e+09 2.17202
1.41990975e+09 2.18777
1.41991375e+09 2.204
1.41991775e+09 2.20097
1.41992175e+09 2.20665
1.41992575e+09 2.21519
1.41992975e+09 2.20734
1.41993375e+09 2.21979
1.41993775e+09 2.21302
1.41994175e+09 2.21303
1.41994575e+09 2.19373
1.41994975e+09 2.20779
1.41995375e+09 2.20529
1.41995775e+09 2.21851
1.41996175e+09 2.21438
1.41996575e+09 2.21186
1.41996975e+09 2.21414
1.41997375e+09 2.23839
1.41997775e+09 2.20858
1.41998175e+09 2.21621
1.41998575e+09 2.22183
1.41998975e+09 2.23134
1.41999375e+09 2.23229
1.41999775e+09 2.23683
1.42000175e+09 2.22195
1.42000575e+09 2.24059
1.42000975e+09 2.22907
1.42001375e+09 2.23714
1.42001775e+09 2.22623
1.42002175e+09 2.20444
1.42002575e+09 2.2242
1.42002975e+09 2.23492
1.42003375e+09 2.23312
1.42003775e+09 2.22892
1.42004175e+09 2.23884
1.42004575e+09 2.24778
1.42004975e+09 2.24443
1.42005375e+09 2.24588
1.42005775e+09 2.22724
1.42006175e+09 2.23586
1.42006575e+09 2.23561
1.42006975e+09 2.24067
1.42007375e+09 2.24833
1.42007775e+09 2.24569
1.42008175e+09 2.25926
1.42008575e+09 2.25113
1.42008975e+09 2.26798
1.42009375e+09 2.26743
1.42009775e+09 2.25498
1.42010175e+09 2.2588
1.42010575e+09 2.26958
1.42010975e+09 2.25915
1.42011375e+09 2.27299
1.42011775e+09 2.26438
1.42012175e+09 2.27695
1.42012575e+09 2.27203
1.42012975e+09 2.2583
1.42013375e+09 2.24633
1.42013775e+09 2.28083
1.42014175e+09 2.281
1.42014575e+09 2.26825
1.42014975e+09 2.21853
1.42015375e+09 2.13123
1.42015775e+09 2.27918
1.42016175e+09 2.28701
1.42016575e+09 2.28543
1.42016975e+09 2.28572
1.42017375e+09 2.29854
1.42017775e+09 2.28324
1.42018175e+09 2.28723
1.42018575e+09 2.27348
1.42018975e+09 2.28561
1.42019375e+09 2.26567
1.42019775e+09 2.27839
1.42020175e+09 2.27089
1.42020575e+09 2.27423
1.42020975e+09 2.27155
1.42021375e+09 2.27366
1.42021775e+09 2.2777
1.42022175e+09 2.27652
1.42022575e+09 2.26667
1.42022975e+09 2.26674
1.42023375e+09 2.25648
1.42023775e+09 2.26024
1.42024175e+09 2.25208
1.42024575e+09 2.23754
1.42024975e+09 2.23792
1.42025375e+09 2.23574
1.42025775e+09 2.23689
1.42026175e+09 2.22726
1.42026575e+09 2.23117
1.42026975e+09 2.21134
1.42027375e+09 2.21451
1.42027775e+09 2.24268
1.42028175e+09 2.24029
1.42028575e+09 2.24373
1.42028975e+09 2.27082
1.42029375e+09 2.26722
1.42029775e+09 2.278
1.42030175e+09 2.2972
1.42030575e+09 2.2986
1.42030975e+09 2.30726
1.42031375e+09 2.31524
1.42031775e+09 2.31494
1.42032175e+09 2.31725
1.42032575e+09 2.32691
1.42032975e+09 2.35157
1.42033375e+09 2.33442
1.42033775e+09 2.33451
1.42034175e+09 2.3463
1.42034575e+09 2.34296
1.42034975e+09 2.34146
1.42035375e+09 2.35089
1.42035775e+09 2.34411
1.42036175e+09 2.33557
1.42036575e+09 2.32688
1.42036975e+09 2.3496
1.42037375e+09 2.3276
1.42037775e+09 2.34051
1.42038175e+09 2.33388
1.42038575e+09 2.34363
1.42038975e+09 2.3396
1.42039375e+09 2.33581
1.42039775e+09 2.34644
1.42040175e+09 2.32919
1.42040575e+09 2.34335
1.42040975e+09 2.35759
1.42041375e+09 2.34253
1.42041775e+09 2.34981
1.42042175e+09 2.34577
1.42042575e+09 2.33423
1.42042975e+09 2.36189
1.42043375e+09 2.36864
1.42043775e+09 2.36396
1.42044175e+09 2.38191
1.42044575e+09 2.38963
1.42044975e+09 2.40208
1.42045375e+09 2.42811
1.42045775e+09 2.42491
1.42046175e+09 2.45356
1.42046575e+09 2.47806
1.42046975e+09 2.50677
1.42047375e+09 2.5482
1.42047775e+09 2.58601
1.42048175e+09 2.65792
1.42048575e+09 2.72325
1.42048975e+09 2.78661
1.42049375e+09 2.84098
1.42049775e+09 2.91377
1.42050175e+09 2.93868
1.42050575e+09 2.98353
1.42050975e+09 2.99028
1.42051375e+09 2.97347
1.42051775e+09 2.98608
1.42052175e+09 2.9986
1.42052575e+09 3.01467
1.42052975e+09 2.99624
1.42053375e+09 3.004
1.42053775e+09 3.01495
1.42054175e+09 3.01435
1.42054575e+09 3.0128
1.42054975e+09 3.03807
1.42055375e+09 3.03718
1.42055775e+09 3.02038
1.42056175e+09 3.0149
1.42056575e+09 2.96431
1.42056975e+09 2.96537
1.42057375e+09 2.93716
1.42057775e+09 2.8894
1.42058175e+09 2.84996
1.42058575e+09 2.81096
1.42058975e+09 2.77849
1.42059375e+09 2.74994
1.42059775e+09 2.72138
1.42060175e+09 2.69633
1.42060575e+09 2.68753
1.42060975e+09 2.67316
1.42061375e+09 2.64884
1.42061775e+09 2.64853
1.42062175e+09 2.64068
1.42062575e+09 2.63453
1.42062975e+09 2.6403
1.42063375e+09 2.625
1.42063775e+09 2.65171
1.42064175e+09 2.63979
1.42064575e+09 2.66261
1.42064975e+09 2.67018
1.42065375e+09 2.67647
1.42065775e+09 2.70318
1.42066175e+09 2.71037
1.42066575e+09 2.71374
1.42066975e+09 2.75627
1.42067375e+09 2.75769
1.42067775e+09 2.76866
1.42068175e+09 2.78179
1.42068575e+09 2.8105
1.42068975e+09 2.81999
1.42069375e+09 2.82211
1.42069775e+09 2.84318
1.42070175e+09 2.8631
1.42070575e+09 2.85873
1.42070975e+09 2.86668
1.42071375e+09 2.88007
1.42071775e+09 2.88757
1.42072175e+09 2.90331
1.42072575e+09 2.89763
1.42072975e+09 2.9049
1.42073375e+09 2.89563
1.42073775e+09 2.89845
1.42074175e+09 2.89659
1.42074575e+09 2.90277
1.42074975e+09 2.91783
1.42075375e+09 2.91054
1.42075775e+09 2.93177
1.42076175e+09 2.9471
1.42076575e+09 2.92545
1.42076975e+09 2.92552
1.42077375e+09 2.94484
1.42077775e+09 2.92853
1.42078175e+09 2.93183
1.42078575e+09 2.93055
1.42078975e+09 2.90576
1.42079375e+09 2.88474
1.42079775e+09 2.87476
1.42080175e+09 2.86581
1.42080575e+09 2.84106
1.42080975e+09 2.83898
1.42081375e+09 2.80329
1.42081775e+09 2.76895
1.42082175e+09 2.73359
1.42082575e+09 2.7317
1.42082975e+09 2.70923
1.42083375e+09 2.71846
1.42083775e+09 2.69359
1.42084175e+09 2.69089
1.42084575e+09 2.66538
1.42084975e+09 2.64969
1.42085375e+09 2.64312
1.42085775e+09 2.62779
1.42086175e+09 2.62098
1.42086575e+09 2.61946
1.42086975e+09 2.6204
1.42087375e+09 2.58472
1.42087775e+09 2.59242
1.42088175e+09 2.61023
1.42088575e+09 2.60841
1.42088975e+09 2.60284
1.42089375e+09 2.59397
1.42089775e+09 2.59006
1.42090175e+09 2.60536
1.42090575e+09 2.60933
1.42090975e+09 2.58326
1.42091375e+09 2.60832
1.42091775e+09 2.59706
1.42092175e+09 2.60868
1.42092575e+09 2.60888
1.42092975e+09 2.60995
1.42093375e+09 2.62125
1.42093775e+09 2.59764
1.42094175e+09 2.59474
1.42094575e+09 2.6013
1.42094975e+09 2.57378
1.42095375e+09 2.59376
1.42095775e+09 2.60126
1.42096175e+09 2.60446
1.42096575e+09 2.60016
1.42096975e+09 2.60824
1.42097375e+09 2.60601
1.42097775e+09 2.5937
1.42098175e+09 2.5979
1.42098575e+09 2.60027
1.42098975e+09 2.60526
1.42099375e+09 2.59982
1.42099775e+09 2.59536
1.42100175e+09 2.58052
1.42100575e+09 2.5685
1.42100975e+09 2.56524
1.42101375e+09 2.56473
1.42101775e+09 2.5378
1.42102175e+09 2.54991
1.42102575e+09 2.53268
1.42102975e+09 2.54069
1.42103375e+09 2.52035
1.42103775e+09 2.51863
1.42104175e+09 2.54221
1.42104575e+09 2.532
1.42104975e+09 2.51363
1.42105375e+09 2.51782
1.42105775e+09 2.52609
1.42106175e+09 2.51236
1.42106575e+09 2.51052
1.42106975e+09 2.52382
1.42107375e+09 2.53094
1.42107775e+09 2.54168
1.42108175e+09 2.51065
1.42108575e+09 2.52038
1.42108975e+09 2.51752
1.42109375e+09 2.50819
1.42109775e+09 2.51423
1.42110175e+09 2.51122
1.42110575e+09 2.50699
1.42110975e+09 2.5098
1.42111375e+09 2.48446
1.42111775e+09 2.49929
1.42112175e+09 2.50877
1.42112575e+09 2.50313
1.42112975e+09 2.49525
1.42113375e+09 2.49304
1.42113775e+09 2.50687
1.42114175e+09 2.50156
1.42114575e+09 2.49097
1.42114975e+09 2.5065
1.42115375e+09 2.48982
1.42115775e+09 2.48251
1.42116175e+09 2.48622
1.42116575e+09 2.49794
1.42116975e+09 2.48778
1.42117375e+09 2.49671
1.42117775e+09 2.47765
1.42118175e+09 2.48917
1.42118575e+09 2.49099
1.42118975e+09 2.48346
1.42119375e+09 2.48269
1.42119775e+09 2.48642
1.42120175e+09 2.50391
1.42120575e+09 2.48264
1.42120975e+09 2.50055
1.42121375e+09 2.50919
1.42121775e+09 2.48554
1.42122175e+09 2.49481
1.42122575e+09 2.50279
1.42122975e+09 2.49277
1.42123375e+09 2.48289
1.42123775e+09 2.50171
1.42124175e+09 2.49558
1.42124575e+09 2.48337
1.42124975e+09 2.48988
1.42125375e+09 2.48875
1.42125775e+09 2.46862
1.42126175e+09 2.48826
1.42126575e+09 2.48847
1.42126975e+09 2.46479
1.42127375e+09 2.47712
1.42127775e+09 2.47226
1.42128175e+09 2.47826
1.42128575e+09 2.47282
1.42128975e+09 2.46939
1.42129375e+09 2.47456
1.42129775e+09 2.45525
1.42130175e+09 2.46248
1.42130575e+09 2.47843
1.42130975e+09 2.44741
1.42131375e+09 2.45458
1.42131775e+09 2.45937
1.42132175e+09 2.44726
1.42132575e+09 2.44259
1.42132975e+09 2.43103
1.42133375e+09 2.44013
1.42133775e+09 2.43214
1.42134175e+09 2.43293
1.42134575e+09 2.43931
1.42134975e+09 2.42428
1.42135375e+09 2.41607
1.42135775e+09 2.40141
1.42136175e+09 2.4083
1.42136575e+09 2.39707
1.42136975e+09 2.39937
1.42137375e+09 2.40919
1.42137775e+09 2.38762
1.42138175e+09 2.39186
1.42138575e+09 2.39695
1.42138975e+09 2.38802
1.42139375e+09 2.35833
1.42139775e+09 2.3591
1.42140175e+09 2.35798


