# rtl-power-fftw output
# galactisch: 136
# antenne: 50-52
# dark: dark20170829153246
# data: A136_20170919214302
# -b: 500
# -t: 150
# -g: 300
# -p: 0
# Acquisition start: 2017-09-19 21:43:02 UTC
# Acquisition end: 2017-09-19 21:45:34 UTC
#
# frequency [Hz] power spectral density [dB/Hz]
1.41940575e+09 2.09347
1.41940975e+09 2.07548
1.41941375e+09 2.09143
1.41941775e+09 2.09157
1.41942175e+09 2.07282
1.41942575e+09 2.08286
1.41942975e+09 2.0803
1.41943375e+09 2.06909
1.41943775e+09 2.06172
1.41944175e+09 2.04337
1.41944575e+09 2.04788
1.41944975e+09 2.02293
1.41945375e+09 2.03482
1.41945775e+09 2.02939
1.41946175e+09 2.02384
1.41946575e+09 2.00125
1.41946975e+09 2.0035
1.41947375e+09 1.98289
1.41947775e+09 1.98719
1.41948175e+09 1.98479
1.41948575e+09 1.95898
1.41948975e+09 1.94617
1.41949375e+09 1.95055
1.41949775e+09 1.94457
1.41950175e+09 1.93978
1.41950575e+09 1.92675
1.41950975e+09 1.91871
1.41951375e+09 1.91308
1.41951775e+09 1.91715
1.41952175e+09 1.90118
1.41952575e+09 1.92006
1.41952975e+09 1.91178
1.41953375e+09 1.89301
1.41953775e+09 1.88109
1.41954175e+09 1.90223
1.41954575e+09 1.88578
1.41954975e+09 1.8821
1.41955375e+09 1.88875
1.41955775e+09 1.88252
1.41956175e+09 1.88964
1.41956575e+09 1.88732
1.41956975e+09 1.87104
1.41957375e+09 1.89472
1.41957775e+09 1.89546
1.41958175e+09 1.88682
1.41958575e+09 1.88397
1.41958975e+09 1.90028
1.41959375e+09 1.87382
1.41959775e+09 1.86784
1.41960175e+09 1.86961
1.41960575e+09 1.87943
1.41960975e+09 1.88625
1.41961375e+09 1.88942
1.41961775e+09 1.88114
1.41962175e+09 1.89357
1.41962575e+09 1.89852
1.41962975e+09 1.89993
1.41963375e+09 1.89753
1.41963775e+09 1.89707
1.41964175e+09 1.89838
1.41964575e+09 1.90281
1.41964975e+09 1.8953
1.41965375e+09 1.90835
1.41965775e+09 1.89577
1.41966175e+09 1.90988
1.41966575e+09 1.92003
1.41966975e+09 1.89211
1.41967375e+09 1.91116
1.41967775e+09 1.91041
1.41968175e+09 1.9226
1.41968575e+09 1.92204
1.41968975e+09 1.93294
1.41969375e+09 1.92031
1.41969775e+09 1.9264
1.41970175e+09 1.92184
1.41970575e+09 1.9285
1.41970975e+09 1.91309
1.41971375e+09 1.92765
1.41971775e+09 1.93334
1.41972175e+09 1.92324
1.41972575e+09 1.92201
1.41972975e+09 1.92558
1.41973375e+09 1.93375
1.41973775e+09 1.90614
1.41974175e+09 1.93967
1.41974575e+09 1.92862
1.41974975e+09 1.91268
1.41975375e+09 1.91392
1.41975775e+09 1.93015
1.41976175e+09 1.93063
1.41976575e+09 1.91624
1.41976975e+09 1.93215
1.41977375e+09 1.93403
1.41977775e+09 1.92803
1.41978175e+09 1.95383
1.41978575e+09 1.9363
1.41978975e+09 1.9519
1.41979375e+09 1.9293
1.41979775e+09 1.9422
1.41980175e+09 1.93814
1.41980575e+09 1.94292
1.41980975e+09 1.94979
1.41981375e+09 1.95355
1.41981775e+09 1.94874
1.41982175e+09 1.94465
1.41982575e+09 1.95311
1.41982975e+09 1.97969
1.41983375e+09 1.95073
1.41983775e+09 1.94603
1.41984175e+09 1.95218
1.41984575e+09 1.95493
1.41984975e+09 1.95422
1.41985375e+09 1.9518
1.41985775e+09 1.95636
1.41986175e+09 1.96628
1.41986575e+09 1.96774
1.41986975e+09 1.95933
1.41987375e+09 1.96903
1.41987775e+09 1.97863
1.41988175e+09 1.95218
1.41988575e+09 1.96426
1.41988975e+09 1.96609
1.41989375e+09 1.96327
1.41989775e+09 1.9733
1.41990175e+09 1.95731
1.41990575e+09 1.95152
1.41990975e+09 1.96985
1.41991375e+09 1.97839
1.41991775e+09 1.97502
1.41992175e+09 1.97511
1.41992575e+09 1.9825
1.41992975e+09 1.98505
1.41993375e+09 1.98563
1.41993775e+09 1.98616
1.41994175e+09 1.97888
1.41994575e+09 1.96741
1.41994975e+09 1.97658
1.41995375e+09 1.98792
1.41995775e+09 1.983
1.41996175e+09 1.98188
1.41996575e+09 1.98629
1.41996975e+09 1.98686
1.41997375e+09 1.98014
1.41997775e+09 1.98253
1.41998175e+09 1.98632
1.41998575e+09 1.97561
1.41998975e+09 1.99878
1.41999375e+09 1.99286
1.41999775e+09 1.9981
1.42000175e+09 2.00193
1.42000575e+09 2.00219
1.42000975e+09 1.99892
1.42001375e+09 1.99377
1.42001775e+09 1.98665
1.42002175e+09 1.97597
1.42002575e+09 1.99012
1.42002975e+09 2.00235
1.42003375e+09 2.00506
1.42003775e+09 1.99096
1.42004175e+09 2.01216
1.42004575e+09 2.00923
1.42004975e+09 2.0055
1.42005375e+09 1.996
1.42005775e+09 1.98556
1.42006175e+09 2.00708
1.42006575e+09 1.99127
1.42006975e+09 2.01083
1.42007375e+09 2.00866
1.42007775e+09 2.00547
1.42008175e+09 2.01295
1.42008575e+09 2.01479
1.42008975e+09 2.02723
1.42009375e+09 2.0182
1.42009775e+09 2.01794
1.42010175e+09 2.02279
1.42010575e+09 2.02763
1.42010975e+09 2.01963
1.42011375e+09 2.02291
1.42011775e+09 2.03036
1.42012175e+09 2.03019
1.42012575e+09 2.02808
1.42012975e+09 2.01823
1.42013375e+09 2.00523
1.42013775e+09 2.03125
1.42014175e+09 2.04475
1.42014575e+09 2.00934
1.42014975e+09 1.98039
1.42015375e+09 1.86687
1.42015775e+09 2.02718
1.42016175e+09 2.03703
1.42016575e+09 2.03787
1.42016975e+09 2.02546
1.42017375e+09 2.05598
1.42017775e+09 2.03107
1.42018175e+09 2.0435
1.42018575e+09 2.03773
1.42018975e+09 2.04712
1.42019375e+09 2.01276
1.42019775e+09 2.0274
1.42020175e+09 2.02838
1.42020575e+09 2.0189
1.42020975e+09 2.03707
1.42021375e+09 2.01726
1.42021775e+09 2.02459
1.42022175e+09 2.01988
1.42022575e+09 2.02022
1.42022975e+09 2.01564
1.42023375e+09 2.00854
1.42023775e+09 2.01207
1.42024175e+09 2.0044
1.42024575e+09 1.99027
1.42024975e+09 1.97556
1.42025375e+09 1.97336
1.42025775e+09 1.97353
1.42026175e+09 1.98383
1.42026575e+09 1.97425
1.42026975e+09 1.96889
1.42027375e+09 1.95632
1.42027775e+09 1.9915
1.42028175e+09 1.99212
1.42028575e+09 1.98753
1.42028975e+09 2.01686
1.42029375e+09 2.02163
1.42029775e+09 2.02317
1.42030175e+09 2.03865
1.42030575e+09 2.05462
1.42030975e+09 2.05756
1.42031375e+09 2.0728
1.42031775e+09 2.07442
1.42032175e+09 2.07356
1.42032575e+09 2.0779
1.42032975e+09 2.08277
1.42033375e+09 2.09651
1.42033775e+09 2.07622
1.42034175e+09 2.09992
1.42034575e+09 2.08376
1.42034975e+09 2.10042
1.42035375e+09 2.09419
1.42035775e+09 2.0797
1.42036175e+09 2.08681
1.42036575e+09 2.08815
1.42036975e+09 2.08363
1.42037375e+09 2.07447
1.42037775e+09 2.07738
1.42038175e+09 2.07811
1.42038575e+09 2.07581
1.42038975e+09 2.0692
1.42039375e+09 2.07543
1.42039775e+09 2.08424
1.42040175e+09 2.08533
1.42040575e+09 2.0852
1.42040975e+09 2.08517
1.42041375e+09 2.07139
1.42041775e+09 2.07843
1.42042175e+09 2.09496
1.42042575e+09 2.07547
1.42042975e+09 2.08542
1.42043375e+09 2.08985
1.42043775e+09 2.10123
1.42044175e+09 2.11403
1.42044575e+09 2.11493
1.42044975e+09 2.12438
1.42045375e+09 2.13599
1.42045775e+09 2.13648
1.42046175e+09 2.16082
1.42046575e+09 2.18048
1.42046975e+09 2.20184
1.42047375e+09 2.23086
1.42047775e+09 2.28433
1.42048175e+09 2.33866
1.42048575e+09 2.39658
1.42048975e+09 2.46369
1.42049375e+09 2.5229
1.42049775e+09 2.59697
1.42050175e+09 2.65385
1.42050575e+09 2.68691
1.42050975e+09 2.70381
1.42051375e+09 2.69959
1.42051775e+09 2.71542
1.42052175e+09 2.72033
1.42052575e+09 2.73739
1.42052975e+09 2.73797
1.42053375e+09 2.76247
1.42053775e+09 2.74752
1.42054175e+09 2.73266
1.42054575e+09 2.72696
1.42054975e+09 2.73605
1.42055375e+09 2.72016
1.42055775e+09 2.70197
1.42056175e+09 2.69177
1.42056575e+09 2.67732
1.42056975e+09 2.65652
1.42057375e+09 2.63464
1.42057775e+09 2.61359
1.42058175e+09 2.58132
1.42058575e+09 2.55217
1.42058975e+09 2.5407
1.42059375e+09 2.50842
1.42059775e+09 2.48025
1.42060175e+09 2.48196
1.42060575e+09 2.47341
1.42060975e+09 2.44986
1.42061375e+09 2.45604
1.42061775e+09 2.44277
1.42062175e+09 2.43535
1.42062575e+09 2.41057
1.42062975e+09 2.42885
1.42063375e+09 2.42077
1.42063775e+09 2.43393
1.42064175e+09 2.42863
1.42064575e+09 2.43761
1.42064975e+09 2.45601
1.42065375e+09 2.46512
1.42065775e+09 2.49731
1.42066175e+09 2.49969
1.42066575e+09 2.51446
1.42066975e+09 2.5603
1.42067375e+09 2.55103
1.42067775e+09 2.58077
1.42068175e+09 2.58782
1.42068575e+09 2.63038
1.42068975e+09 2.64601
1.42069375e+09 2.6501
1.42069775e+09 2.67898
1.42070175e+09 2.68017
1.42070575e+09 2.68767
1.42070975e+09 2.70458
1.42071375e+09 2.72666
1.42071775e+09 2.72986
1.42072175e+09 2.72871
1.42072575e+09 2.7431
1.42072975e+09 2.74606
1.42073375e+09 2.73402
1.42073775e+09 2.72707
1.42074175e+09 2.72153
1.42074575e+09 2.71361
1.42074975e+09 2.70662
1.42075375e+09 2.70801
1.42075775e+09 2.72092
1.42076175e+09 2.71831
1.42076575e+09 2.69524
1.42076975e+09 2.67778
1.42077375e+09 2.68743
1.42077775e+09 2.65444
1.42078175e+09 2.6412
1.42078575e+09 2.6149
1.42078975e+09 2.60441
1.42079375e+09 2.57432
1.42079775e+09 2.55954
1.42080175e+09 2.53036
1.42080575e+09 2.50435
1.42080975e+09 2.47355
1.42081375e+09 2.45839
1.42081775e+09 2.42151
1.42082175e+09 2.39128
1.42082575e+09 2.39339
1.42082975e+09 2.38295
1.42083375e+09 2.38104
1.42083775e+09 2.37156
1.42084175e+09 2.3578
1.42084575e+09 2.36563
1.42084975e+09 2.35834
1.42085375e+09 2.35517
1.42085775e+09 2.35816
1.42086175e+09 2.36056
1.42086575e+09 2.36943
1.42086975e+09 2.36662
1.42087375e+09 2.34767
1.42087775e+09 2.3512
1.42088175e+09 2.37044
1.42088575e+09 2.35829
1.42088975e+09 2.33947
1.42089375e+09 2.33895
1.42089775e+09 2.32894
1.42090175e+09 2.33358
1.42090575e+09 2.32073
1.42090975e+09 2.32472
1.42091375e+09 2.32448
1.42091775e+09 2.31612
1.42092175e+09 2.31025
1.42092575e+09 2.32445
1.42092975e+09 2.33242
1.42093375e+09 2.31906
1.42093775e+09 2.30779
1.42094175e+09 2.31028
1.42094575e+09 2.31469
1.42094975e+09 2.27674
1.42095375e+09 2.28793
1.42095775e+09 2.30725
1.42096175e+09 2.31234
1.42096575e+09 2.31135
1.42096975e+09 2.30801
1.42097375e+09 2.31775
1.42097775e+09 2.29646
1.42098175e+09 2.28945
1.42098575e+09 2.28051
1.42098975e+09 2.30036
1.42099375e+09 2.28134
1.42099775e+09 2.26161
1.42100175e+09 2.26953
1.42100575e+09 2.24445
1.42100975e+09 2.25078
1.42101375e+09 2.23694
1.42101775e+09 2.2408
1.42102175e+09 2.21905
1.42102575e+09 2.22787
1.42102975e+09 2.22752
1.42103375e+09 2.22473
1.42103775e+09 2.21705
1.42104175e+09 2.22879
1.42104575e+09 2.21927
1.42104975e+09 2.20221
1.42105375e+09 2.22412
1.42105775e+09 2.2222
1.42106175e+09 2.20895
1.42106575e+09 2.20692
1.42106975e+09 2.21382
1.42107375e+09 2.24127
1.42107775e+09 2.22541
1.42108175e+09 2.2208
1.42108575e+09 2.22083
1.42108975e+09 2.22603
1.42109375e+09 2.212
1.42109775e+09 2.22505
1.42110175e+09 2.20575
1.42110575e+09 2.208
1.42110975e+09 2.21949
1.42111375e+09 2.20883
1.42111775e+09 2.20604
1.42112175e+09 2.2023
1.42112575e+09 2.21373
1.42112975e+09 2.20715
1.42113375e+09 2.2068
1.42113775e+09 2.21711
1.42114175e+09 2.21421
1.42114575e+09 2.19678
1.42114975e+09 2.21591
1.42115375e+09 2.19876
1.42115775e+09 2.19444
1.42116175e+09 2.2123
1.42116575e+09 2.21314
1.42116975e+09 2.19773
1.42117375e+09 2.21483
1.42117775e+09 2.2078
1.42118175e+09 2.20421
1.42118575e+09 2.22047
1.42118975e+09 2.19964
1.42119375e+09 2.20552
1.42119775e+09 2.20871
1.42120175e+09 2.21024
1.42120575e+09 2.20624
1.42120975e+09 2.20799
1.42121375e+09 2.21132
1.42121775e+09 2.2106
1.42122175e+09 2.20446
1.42122575e+09 2.2143
1.42122975e+09 2.20265
1.42123375e+09 2.19774
1.42123775e+09 2.20012
1.42124175e+09 2.19606
1.42124575e+09 2.20273
1.42124975e+09 2.21511
1.42125375e+09 2.19702
1.42125775e+09 2.18504
1.42126175e+09 2.20275
1.42126575e+09 2.20495
1.42126975e+09 2.1738
1.42127375e+09 2.18852
1.42127775e+09 2.18896
1.42128175e+09 2.1808
1.42128575e+09 2.18757
1.42128975e+09 2.17257
1.42129375e+09 2.18417
1.42129775e+09 2.17187
1.42130175e+09 2.17209
1.42130575e+09 2.18073
1.42130975e+09 2.17405
1.42131375e+09 2.16433
1.42131775e+09 2.16969
1.42132175e+09 2.17332
1.42132575e+09 2.16131
1.42132975e+09 2.15827
1.42133375e+09 2.16359
1.42133775e+09 2.15989
1.42134175e+09 2.1605
1.42134575e+09 2.15064
1.42134975e+09 2.15358
1.42135375e+09 2.14115
1.42135775e+09 2.14542
1.42136175e+09 2.13532
1.42136575e+09 2.1316
1.42136975e+09 2.12464
1.42137375e+09 2.13792
1.42137775e+09 2.12677
1.42138175e+09 2.12881
1.42138575e+09 2.13745
1.42138975e+09 2.12225
1.42139375e+09 2.11805
1.42139775e+09 2.11584
1.42140175e+09 2.10811


