# rtl-power-fftw output
# galactisch: 140
# antenne: 306-55
# dark: dark20170925063727
# data: A140_20170925064301
# -b: 500
# -t: 150
# -g: 300
# -p: 0
# Acquisition start: 2017-09-25 06:43:02 UTC
# Acquisition end: 2017-09-25 06:45:33 UTC
#
# frequency [Hz] power spectral density [dB/Hz]
1.41940575e+09 -0.306558
1.41940975e+09 -0.299327
1.41941375e+09 -0.314241
1.41941775e+09 -0.30248
1.41942175e+09 -0.295242
1.41942575e+09 -0.309458
1.41942975e+09 -0.300659
1.41943375e+09 -0.300206
1.41943775e+09 -0.310215
1.41944175e+09 -0.304282
1.41944575e+09 -0.300693
1.41944975e+09 -0.307249
1.41945375e+09 -0.301546
1.41945775e+09 -0.304983
1.41946175e+09 -0.313401
1.41946575e+09 -0.317018
1.41946975e+09 -0.292797
1.41947375e+09 -0.300447
1.41947775e+09 -0.294301
1.41948175e+09 -0.313027
1.41948575e+09 -0.299838
1.41948975e+09 -0.307128
1.41949375e+09 -0.29886
1.41949775e+09 -0.310548
1.41950175e+09 -0.296712
1.41950575e+09 -0.281824
1.41950975e+09 -0.290556
1.41951375e+09 -0.29922
1.41951775e+09 -0.310656
1.41952175e+09 -0.316291
1.41952575e+09 -0.297904
1.41952975e+09 -0.283019
1.41953375e+09 -0.28946
1.41953775e+09 -0.284823
1.41954175e+09 -0.29164
1.41954575e+09 -0.292568
1.41954975e+09 -0.297524
1.41955375e+09 -0.298439
1.41955775e+09 -0.285495
1.41956175e+09 -0.295009
1.41956575e+09 -0.290538
1.41956975e+09 -0.296969
1.41957375e+09 -0.287752
1.41957775e+09 -0.287952
1.41958175e+09 -0.289028
1.41958575e+09 -0.28633
1.41958975e+09 -0.311329
1.41959375e+09 -0.289355
1.41959775e+09 -0.295625
1.41960175e+09 -0.283449
1.41960575e+09 -0.28478
1.41960975e+09 -0.287754
1.41961375e+09 -0.295322
1.41961775e+09 -0.290021
1.41962175e+09 -0.301599
1.41962575e+09 -0.294321
1.41962975e+09 -0.280395
1.41963375e+09 -0.300657
1.41963775e+09 -0.308844
1.41964175e+09 -0.28252
1.41964575e+09 -0.291167
1.41964975e+09 -0.291745
1.41965375e+09 -0.301691
1.41965775e+09 -0.28262
1.41966175e+09 -0.302957
1.41966575e+09 -0.298193
1.41966975e+09 -0.292989
1.41967375e+09 -0.299239
1.41967775e+09 -0.28634
1.41968175e+09 -0.307
1.41968575e+09 -0.296048
1.41968975e+09 -0.305895
1.41969375e+09 -0.302675
1.41969775e+09 -0.300682
1.41970175e+09 -0.294558
1.41970575e+09 -0.291361
1.41970975e+09 -0.300598
1.41971375e+09 -0.309174
1.41971775e+09 -0.309445
1.41972175e+09 -0.311848
1.41972575e+09 -0.302992
1.41972975e+09 -0.310646
1.41973375e+09 -0.291084
1.41973775e+09 -0.302977
1.41974175e+09 -0.295697
1.41974575e+09 -0.303347
1.41974975e+09 -0.318594
1.41975375e+09 -0.298612
1.41975775e+09 -0.300352
1.41976175e+09 -0.299088
1.41976575e+09 -0.304141
1.41976975e+09 -0.298975
1.41977375e+09 -0.299492
1.41977775e+09 -0.303463
1.41978175e+09 -0.297508
1.41978575e+09 -0.301954
1.41978975e+09 -0.302184
1.41979375e+09 -0.301733
1.41979775e+09 -0.302995
1.41980175e+09 -0.297234
1.41980575e+09 -0.29811
1.41980975e+09 -0.308202
1.41981375e+09 -0.31041
1.41981775e+09 -0.311655
1.41982175e+09 -0.312695
1.41982575e+09 -0.311866
1.41982975e+09 -0.308237
1.41983375e+09 -0.327152
1.41983775e+09 -0.317613
1.41984175e+09 -0.306398
1.41984575e+09 -0.313199
1.41984975e+09 -0.306063
1.41985375e+09 -0.30806
1.41985775e+09 -0.303521
1.41986175e+09 -0.324844
1.41986575e+09 -0.312762
1.41986975e+09 -0.309222
1.41987375e+09 -0.30866
1.41987775e+09 -0.308393
1.41988175e+09 -0.305485
1.41988575e+09 -0.320568
1.41988975e+09 -0.311856
1.41989375e+09 -0.293126
1.41989775e+09 -0.317014
1.41990175e+09 -0.311496
1.41990575e+09 -0.316193
1.41990975e+09 -0.289024
1.41991375e+09 -0.312005
1.41991775e+09 -0.316475
1.41992175e+09 -0.316085
1.41992575e+09 -0.317241
1.41992975e+09 -0.312645
1.41993375e+09 -0.323327
1.41993775e+09 -0.315933
1.41994175e+09 -0.303386
1.41994575e+09 -0.308117
1.41994975e+09 -0.315065
1.41995375e+09 -0.311874
1.41995775e+09 -0.32071
1.41996175e+09 -0.322734
1.41996575e+09 -0.321465
1.41996975e+09 -0.312603
1.41997375e+09 -0.32448
1.41997775e+09 -0.304582
1.41998175e+09 -0.312227
1.41998575e+09 -0.309625
1.41998975e+09 -0.305632
1.41999375e+09 -0.31048
1.41999775e+09 -0.30189
1.42000175e+09 -0.296993
1.42000575e+09 -0.32179
1.42000975e+09 -0.318231
1.42001375e+09 -0.315976
1.42001775e+09 -0.322762
1.42002175e+09 -0.313618
1.42002575e+09 -0.321186
1.42002975e+09 -0.319222
1.42003375e+09 -0.30853
1.42003775e+09 -0.313905
1.42004175e+09 -0.300669
1.42004575e+09 -0.300541
1.42004975e+09 -0.309254
1.42005375e+09 -0.305067
1.42005775e+09 -0.3313
1.42006175e+09 -0.320267
1.42006575e+09 -0.305038
1.42006975e+09 -0.31508
1.42007375e+09 -0.318365
1.42007775e+09 -0.325073
1.42008175e+09 -0.320417
1.42008575e+09 -0.307914
1.42008975e+09 -0.317931
1.42009375e+09 -0.322377
1.42009775e+09 -0.328682
1.42010175e+09 -0.308918
1.42010575e+09 -0.331522
1.42010975e+09 -0.307978
1.42011375e+09 -0.328691
1.42011775e+09 -0.313822
1.42012175e+09 -0.299703
1.42012575e+09 -0.309987
1.42012975e+09 -0.313558
1.42013375e+09 -0.320295
1.42013775e+09 -0.314964
1.42014175e+09 -0.332387
1.42014575e+09 -0.311686
1.42014975e+09 -0.326184
1.42015375e+09 -0.319763
1.42015775e+09 -0.317753
1.42016175e+09 -0.311416
1.42016575e+09 -0.319012
1.42016975e+09 -0.308294
1.42017375e+09 -0.311394
1.42017775e+09 -0.331837
1.42018175e+09 -0.321849
1.42018575e+09 -0.309133
1.42018975e+09 -0.310308
1.42019375e+09 -0.317561
1.42019775e+09 -0.326805
1.42020175e+09 -0.332177
1.42020575e+09 -0.32115
1.42020975e+09 -0.315526
1.42021375e+09 -0.33264
1.42021775e+09 -0.329567
1.42022175e+09 -0.326987
1.42022575e+09 -0.30564
1.42022975e+09 -0.317512
1.42023375e+09 -0.325851
1.42023775e+09 -0.318468
1.42024175e+09 -0.315617
1.42024575e+09 -0.305409
1.42024975e+09 -0.133434
1.42025375e+09 -0.315302
1.42025775e+09 -0.305271
1.42026175e+09 -0.312916
1.42026575e+09 -0.324911
1.42026975e+09 -0.312149
1.42027375e+09 -0.337676
1.42027775e+09 -0.324389
1.42028175e+09 -0.338588
1.42028575e+09 -0.338984
1.42028975e+09 -0.334483
1.42029375e+09 -0.315436
1.42029775e+09 -0.327366
1.42030175e+09 -0.326208
1.42030575e+09 -0.301666
1.42030975e+09 -0.328717
1.42031375e+09 -0.317453
1.42031775e+09 -0.31937
1.42032175e+09 -0.324336
1.42032575e+09 -0.320539
1.42032975e+09 -0.32061
1.42033375e+09 -0.328752
1.42033775e+09 -0.324088
1.42034175e+09 -0.319021
1.42034575e+09 -0.340323
1.42034975e+09 -0.327205
1.42035375e+09 -0.327985
1.42035775e+09 -0.316964
1.42036175e+09 -0.331753
1.42036575e+09 -0.329626
1.42036975e+09 -0.334305
1.42037375e+09 -0.326467
1.42037775e+09 -0.32553
1.42038175e+09 -0.338177
1.42038575e+09 -0.329551
1.42038975e+09 -0.336794
1.42039375e+09 -0.328202
1.42039775e+09 -0.335514
1.42040175e+09 -0.336576
1.42040575e+09 -0.333392
1.42040975e+09 -0.330313
1.42041375e+09 -0.332899
1.42041775e+09 -0.330749
1.42042175e+09 -0.319226
1.42042575e+09 -0.329914
1.42042975e+09 -0.335199
1.42043375e+09 -0.331829
1.42043775e+09 -0.325367
1.42044175e+09 -0.319408
1.42044575e+09 -0.320849
1.42044975e+09 -0.29629
1.42045375e+09 -0.301187
1.42045775e+09 -0.303596
1.42046175e+09 -0.292701
1.42046575e+09 -0.26301
1.42046975e+09 -0.232438
1.42047375e+09 -0.199956
1.42047775e+09 -0.13877
1.42048175e+09 -0.0910035
1.42048575e+09 -0.00149944
1.42048975e+09 0.0538583
1.42049375e+09 0.108014
1.42049775e+09 0.144905
1.42050175e+09 0.209371
1.42050575e+09 0.220188
1.42050975e+09 0.214579
1.42051375e+09 0.219625
1.42051775e+09 0.213963
1.42052175e+09 0.197373
1.42052575e+09 0.180841
1.42052975e+09 0.200788
1.42053375e+09 0.205301
1.42053775e+09 0.235035
1.42054175e+09 0.243051
1.42054575e+09 0.273624
1.42054975e+09 0.302791
1.42055375e+09 0.335166
1.42055775e+09 0.326048
1.42056175e+09 0.333651
1.42056575e+09 0.319402
1.42056975e+09 0.311253
1.42057375e+09 0.26788
1.42057775e+09 0.230026
1.42058175e+09 0.187417
1.42058575e+09 0.146566
1.42058975e+09 0.0978308
1.42059375e+09 0.0560993
1.42059775e+09 -0.00258203
1.42060175e+09 -0.00645427
1.42060575e+09 -0.0286878
1.42060975e+09 -0.05929
1.42061375e+09 -0.057142
1.42061775e+09 -0.0643465
1.42062175e+09 -0.0869101
1.42062575e+09 -0.0892831
1.42062975e+09 -0.0841167
1.42063375e+09 -0.0868057
1.42063775e+09 -0.0773122
1.42064175e+09 -0.0685513
1.42064575e+09 -0.053028
1.42064975e+09 -0.0290929
1.42065375e+09 -0.0194574
1.42065775e+09 -0.00730842
1.42066175e+09 0.00393006
1.42066575e+09 0.0309985
1.42066975e+09 0.0514209
1.42067375e+09 0.0701868
1.42067775e+09 0.0781597
1.42068175e+09 0.10295
1.42068575e+09 0.104938
1.42068975e+09 0.109278
1.42069375e+09 0.123428
1.42069775e+09 0.136051
1.42070175e+09 0.144901
1.42070575e+09 0.141221
1.42070975e+09 0.126245
1.42071375e+09 0.143938
1.42071775e+09 0.136896
1.42072175e+09 0.114452
1.42072575e+09 0.11695
1.42072975e+09 0.100182
1.42073375e+09 0.0829236
1.42073775e+09 0.0738997
1.42074175e+09 0.0746179
1.42074575e+09 0.04541
1.42074975e+09 0.0237941
1.42075375e+09 0.0174914
1.42075775e+09 0.0158231
1.42076175e+09 0.00281703
1.42076575e+09 -0.0192191
1.42076975e+09 -0.0356476
1.42077375e+09 -0.0389892
1.42077775e+09 -0.061386
1.42078175e+09 -0.0796619
1.42078575e+09 -0.0747271
1.42078975e+09 -0.0886371
1.42079375e+09 -0.125006
1.42079775e+09 -0.125793
1.42080175e+09 -0.136476
1.42080575e+09 -0.150447
1.42080975e+09 -0.180252
1.42081375e+09 -0.177301
1.42081775e+09 -0.201074
1.42082175e+09 -0.181231
1.42082575e+09 -0.197568
1.42082975e+09 -0.178477
1.42083375e+09 -0.20105
1.42083775e+09 -0.197601
1.42084175e+09 -0.200724
1.42084575e+09 -0.199139
1.42084975e+09 -0.187174
1.42085375e+09 -0.198877
1.42085775e+09 -0.190976
1.42086175e+09 -0.19928
1.42086575e+09 -0.197523
1.42086975e+09 -0.17778
1.42087375e+09 -0.206026
1.42087775e+09 -0.201175
1.42088175e+09 -0.218471
1.42088575e+09 -0.232246
1.42088975e+09 -0.236771
1.42089375e+09 -0.233739
1.42089775e+09 -0.248581
1.42090175e+09 -0.253683
1.42090575e+09 -0.260096
1.42090975e+09 -0.267852
1.42091375e+09 -0.24806
1.42091775e+09 -0.235459
1.42092175e+09 -0.256049
1.42092575e+09 -0.252461
1.42092975e+09 -0.257112
1.42093375e+09 -0.246398
1.42093775e+09 -0.269174
1.42094175e+09 -0.277186
1.42094575e+09 -0.272201
1.42094975e+09 -0.287552
1.42095375e+09 -0.269866
1.42095775e+09 -0.283512
1.42096175e+09 -0.265519
1.42096575e+09 -0.282895
1.42096975e+09 -0.29325
1.42097375e+09 -0.273496
1.42097775e+09 -0.292974
1.42098175e+09 -0.297915
1.42098575e+09 -0.302454
1.42098975e+09 -0.281113
1.42099375e+09 -0.288605
1.42099775e+09 -0.28022
1.42100175e+09 -0.293649
1.42100575e+09 -0.295724
1.42100975e+09 -0.287443
1.42101375e+09 -0.300851
1.42101775e+09 -0.303854
1.42102175e+09 -0.306233
1.42102575e+09 -0.311341
1.42102975e+09 -0.316745
1.42103375e+09 -0.313455
1.42103775e+09 -0.319371
1.42104175e+09 -0.305567
1.42104575e+09 -0.320889
1.42104975e+09 -0.286694
1.42105375e+09 -0.316462
1.42105775e+09 -0.301499
1.42106175e+09 -0.298401
1.42106575e+09 -0.299073
1.42106975e+09 -0.310609
1.42107375e+09 -0.303688
1.42107775e+09 -0.306067
1.42108175e+09 -0.305748
1.42108575e+09 -0.325432
1.42108975e+09 -0.315675
1.42109375e+09 -0.311697
1.42109775e+09 -0.312386
1.42110175e+09 -0.304089
1.42110575e+09 -0.31999
1.42110975e+09 -0.302685
1.42111375e+09 -0.311764
1.42111775e+09 -0.322019
1.42112175e+09 -0.318022
1.42112575e+09 -0.290261
1.42112975e+09 -0.311495
1.42113375e+09 -0.330107
1.42113775e+09 -0.320756
1.42114175e+09 -0.320696
1.42114575e+09 -0.325797
1.42114975e+09 -0.299987
1.42115375e+09 -0.332954
1.42115775e+09 -0.312794
1.42116175e+09 -0.3178
1.42116575e+09 -0.311118
1.42116975e+09 -0.312374
1.42117375e+09 -0.317991
1.42117775e+09 -0.307413
1.42118175e+09 -0.310321
1.42118575e+09 -0.32284
1.42118975e+09 -0.305714
1.42119375e+09 -0.321898
1.42119775e+09 -0.318096
1.42120175e+09 -0.312773
1.42120575e+09 -0.319939
1.42120975e+09 -0.31019
1.42121375e+09 -0.314398
1.42121775e+09 -0.304682
1.42122175e+09 -0.315063
1.42122575e+09 -0.326374
1.42122975e+09 -0.318793
1.42123375e+09 -0.330205
1.42123775e+09 -0.306657
1.42124175e+09 -0.309618
1.42124575e+09 -0.307075
1.42124975e+09 -0.301532
1.42125375e+09 -0.302361
1.42125775e+09 -0.310257
1.42126175e+09 -0.307722
1.42126575e+09 -0.323563
1.42126975e+09 -0.314647
1.42127375e+09 -0.289787
1.42127775e+09 -0.292473
1.42128175e+09 -0.312196
1.42128575e+09 -0.302688
1.42128975e+09 -0.312191
1.42129375e+09 -0.307813
1.42129775e+09 -0.290819
1.42130175e+09 -0.310476
1.42130575e+09 -0.294378
1.42130975e+09 -0.303983
1.42131375e+09 -0.296492
1.42131775e+09 -0.298884
1.42132175e+09 -0.298844
1.42132575e+09 -0.296338
1.42132975e+09 -0.307091
1.42133375e+09 -0.29346
1.42133775e+09 -0.301031
1.42134175e+09 -0.292489
1.42134575e+09 -0.300541
1.42134975e+09 -0.299743
1.42135375e+09 -0.295937
1.42135775e+09 -0.289741
1.42136175e+09 -0.305582
1.42136575e+09 -0.296734
1.42136975e+09 -0.298729
1.42137375e+09 -0.292541
1.42137775e+09 -0.29251
1.42138175e+09 -0.282925
1.42138575e+09 -0.306344
1.42138975e+09 -0.284872
1.42139375e+09 -0.292027
1.42139775e+09 -0.297661
1.42140175e+09 -0.302315


