# rtl-power-fftw output
# galactisch: 144
# antenne: 300-57
# dark: dark20170925063727
# data: A144_20170925064812
# -b: 500
# -t: 150
# -g: 300
# -p: 0
# Acquisition start: 2017-09-25 06:48:13 UTC
# Acquisition end: 2017-09-25 06:50:44 UTC
#
# frequency [Hz] power spectral density [dB/Hz]
1.41940575e+09 -0.395263
1.41940975e+09 -0.395303
1.41941375e+09 -0.405258
1.41941775e+09 -0.400038
1.41942175e+09 -0.405954
1.41942575e+09 -0.41344
1.41942975e+09 -0.400915
1.41943375e+09 -0.408034
1.41943775e+09 -0.403773
1.41944175e+09 -0.402737
1.41944575e+09 -0.410671
1.41944975e+09 -0.402874
1.41945375e+09 -0.413924
1.41945775e+09 -0.411355
1.41946175e+09 -0.434244
1.41946575e+09 -0.420213
1.41946975e+09 -0.405373
1.41947375e+09 -0.413256
1.41947775e+09 -0.406613
1.41948175e+09 -0.414573
1.41948575e+09 -0.409452
1.41948975e+09 -0.411497
1.41949375e+09 -0.40595
1.41949775e+09 -0.41286
1.41950175e+09 -0.408976
1.41950575e+09 -0.406932
1.41950975e+09 -0.411882
1.41951375e+09 -0.404476
1.41951775e+09 -0.408145
1.41952175e+09 -0.429152
1.41952575e+09 -0.394236
1.41952975e+09 -0.415201
1.41953375e+09 -0.40758
1.41953775e+09 -0.400084
1.41954175e+09 -0.399335
1.41954575e+09 -0.401685
1.41954975e+09 -0.401552
1.41955375e+09 -0.405907
1.41955775e+09 -0.400955
1.41956175e+09 -0.399363
1.41956575e+09 -0.390584
1.41956975e+09 -0.395143
1.41957375e+09 -0.392042
1.41957775e+09 -0.397747
1.41958175e+09 -0.397163
1.41958575e+09 -0.386535
1.41958975e+09 -0.400875
1.41959375e+09 -0.398632
1.41959775e+09 -0.40019
1.41960175e+09 -0.388427
1.41960575e+09 -0.405589
1.41960975e+09 -0.400181
1.41961375e+09 -0.419168
1.41961775e+09 -0.403946
1.41962175e+09 -0.40968
1.41962575e+09 -0.413901
1.41962975e+09 -0.384525
1.41963375e+09 -0.404869
1.41963775e+09 -0.401982
1.41964175e+09 -0.38923
1.41964575e+09 -0.395418
1.41964975e+09 -0.404262
1.41965375e+09 -0.398286
1.41965775e+09 -0.394914
1.41966175e+09 -0.397336
1.41966575e+09 -0.396516
1.41966975e+09 -0.407639
1.41967375e+09 -0.410354
1.41967775e+09 -0.394083
1.41968175e+09 -0.392569
1.41968575e+09 -0.40124
1.41968975e+09 -0.395899
1.41969375e+09 -0.397204
1.41969775e+09 -0.398103
1.41970175e+09 -0.394505
1.41970575e+09 -0.403175
1.41970975e+09 -0.411027
1.41971375e+09 -0.398781
1.41971775e+09 -0.417134
1.41972175e+09 -0.406752
1.41972575e+09 -0.411576
1.41972975e+09 -0.399776
1.41973375e+09 -0.391016
1.41973775e+09 -0.42098
1.41974175e+09 -0.396217
1.41974575e+09 -0.396811
1.41974975e+09 -0.412437
1.41975375e+09 -0.40967
1.41975775e+09 -0.406783
1.41976175e+09 -0.40572
1.41976575e+09 -0.404826
1.41976975e+09 -0.410989
1.41977375e+09 -0.41032
1.41977775e+09 -0.403271
1.41978175e+09 -0.397376
1.41978575e+09 -0.387587
1.41978975e+09 -0.411325
1.41979375e+09 -0.401499
1.41979775e+09 -0.398182
1.41980175e+09 -0.407407
1.41980575e+09 -0.416746
1.41980975e+09 -0.414972
1.41981375e+09 -0.413735
1.41981775e+09 -0.43022
1.41982175e+09 -0.400582
1.41982575e+09 -0.41303
1.41982975e+09 -0.405678
1.41983375e+09 -0.428162
1.41983775e+09 -0.402137
1.41984175e+09 -0.405591
1.41984575e+09 -0.408645
1.41984975e+09 -0.402225
1.41985375e+09 -0.399844
1.41985775e+09 -0.417922
1.41986175e+09 -0.417141
1.41986575e+09 -0.413825
1.41986975e+09 -0.412705
1.41987375e+09 -0.408951
1.41987775e+09 -0.398758
1.41988175e+09 -0.406344
1.41988575e+09 -0.415838
1.41988975e+09 -0.40039
1.41989375e+09 -0.394938
1.41989775e+09 -0.409435
1.41990175e+09 -0.410728
1.41990575e+09 -0.404416
1.41990975e+09 -0.401014
1.41991375e+09 -0.415824
1.41991775e+09 -0.411165
1.41992175e+09 -0.416397
1.41992575e+09 -0.400043
1.41992975e+09 -0.404882
1.41993375e+09 -0.419499
1.41993775e+09 -0.403992
1.41994175e+09 -0.402171
1.41994575e+09 -0.406243
1.41994975e+09 -0.42198
1.41995375e+09 -0.411762
1.41995775e+09 -0.405694
1.41996175e+09 -0.416699
1.41996575e+09 -0.413617
1.41996975e+09 -0.396173
1.41997375e+09 -0.423725
1.41997775e+09 -0.40831
1.41998175e+09 -0.413326
1.41998575e+09 -0.403883
1.41998975e+09 -0.403547
1.41999375e+09 -0.406093
1.41999775e+09 -0.403022
1.42000175e+09 -0.40096
1.42000575e+09 -0.411982
1.42000975e+09 -0.407266
1.42001375e+09 -0.4183
1.42001775e+09 -0.412284
1.42002175e+09 -0.406189
1.42002575e+09 -0.399592
1.42002975e+09 -0.398899
1.42003375e+09 -0.407274
1.42003775e+09 -0.416773
1.42004175e+09 -0.399538
1.42004575e+09 -0.402671
1.42004975e+09 -0.398029
1.42005375e+09 -0.395375
1.42005775e+09 -0.411817
1.42006175e+09 -0.407819
1.42006575e+09 -0.404784
1.42006975e+09 -0.420431
1.42007375e+09 -0.412787
1.42007775e+09 -0.421749
1.42008175e+09 -0.416576
1.42008575e+09 -0.399059
1.42008975e+09 -0.421374
1.42009375e+09 -0.43318
1.42009775e+09 -0.418175
1.42010175e+09 -0.408707
1.42010575e+09 -0.423959
1.42010975e+09 -0.407414
1.42011375e+09 -0.429229
1.42011775e+09 -0.410862
1.42012175e+09 -0.392205
1.42012575e+09 -0.412163
1.42012975e+09 -0.406339
1.42013375e+09 -0.417763
1.42013775e+09 -0.410618
1.42014175e+09 -0.418243
1.42014575e+09 -0.408701
1.42014975e+09 -0.411289
1.42015375e+09 -0.40415
1.42015775e+09 -0.405896
1.42016175e+09 -0.414655
1.42016575e+09 -0.40585
1.42016975e+09 -0.414386
1.42017375e+09 -0.41783
1.42017775e+09 -0.418734
1.42018175e+09 -0.422115
1.42018575e+09 -0.412183
1.42018975e+09 -0.404372
1.42019375e+09 -0.411528
1.42019775e+09 -0.410309
1.42020175e+09 -0.425056
1.42020575e+09 -0.429429
1.42020975e+09 -0.412757
1.42021375e+09 -0.424591
1.42021775e+09 -0.41706
1.42022175e+09 -0.419412
1.42022575e+09 -0.411478
1.42022975e+09 -0.409434
1.42023375e+09 -0.415483
1.42023775e+09 -0.421579
1.42024175e+09 -0.413158
1.42024575e+09 -0.404683
1.42024975e+09 -0.294725
1.42025375e+09 -0.407011
1.42025775e+09 -0.420989
1.42026175e+09 -0.40889
1.42026575e+09 -0.416352
1.42026975e+09 -0.414607
1.42027375e+09 -0.428789
1.42027775e+09 -0.410666
1.42028175e+09 -0.419927
1.42028575e+09 -0.422193
1.42028975e+09 -0.419581
1.42029375e+09 -0.414336
1.42029775e+09 -0.407737
1.42030175e+09 -0.415577
1.42030575e+09 -0.405617
1.42030975e+09 -0.421766
1.42031375e+09 -0.408602
1.42031775e+09 -0.412927
1.42032175e+09 -0.432349
1.42032575e+09 -0.410923
1.42032975e+09 -0.421514
1.42033375e+09 -0.419378
1.42033775e+09 -0.415192
1.42034175e+09 -0.425217
1.42034575e+09 -0.422711
1.42034975e+09 -0.418665
1.42035375e+09 -0.419446
1.42035775e+09 -0.41461
1.42036175e+09 -0.420545
1.42036575e+09 -0.419477
1.42036975e+09 -0.425359
1.42037375e+09 -0.421678
1.42037775e+09 -0.40725
1.42038175e+09 -0.419447
1.42038575e+09 -0.423392
1.42038975e+09 -0.424651
1.42039375e+09 -0.429837
1.42039775e+09 -0.419951
1.42040175e+09 -0.421943
1.42040575e+09 -0.42895
1.42040975e+09 -0.436065
1.42041375e+09 -0.409487
1.42041775e+09 -0.427269
1.42042175e+09 -0.412049
1.42042575e+09 -0.429679
1.42042975e+09 -0.422212
1.42043375e+09 -0.428518
1.42043775e+09 -0.418305
1.42044175e+09 -0.407306
1.42044575e+09 -0.413633
1.42044975e+09 -0.397706
1.42045375e+09 -0.392757
1.42045775e+09 -0.392244
1.42046175e+09 -0.382202
1.42046575e+09 -0.347357
1.42046975e+09 -0.314604
1.42047375e+09 -0.296692
1.42047775e+09 -0.234332
1.42048175e+09 -0.187264
1.42048575e+09 -0.105661
1.42048975e+09 -0.031141
1.42049375e+09 0.00651366
1.42049775e+09 0.0407306
1.42050175e+09 0.0853494
1.42050575e+09 0.104407
1.42050975e+09 0.0930318
1.42051375e+09 0.0961644
1.42051775e+09 0.0786715
1.42052175e+09 0.0705721
1.42052575e+09 0.0567581
1.42052975e+09 0.0586492
1.42053375e+09 0.0593733
1.42053775e+09 0.0961445
1.42054175e+09 0.127182
1.42054575e+09 0.155453
1.42054975e+09 0.198187
1.42055375e+09 0.234968
1.42055775e+09 0.234771
1.42056175e+09 0.261681
1.42056575e+09 0.240504
1.42056975e+09 0.224168
1.42057375e+09 0.187883
1.42057775e+09 0.142508
1.42058175e+09 0.0937992
1.42058575e+09 0.0462825
1.42058975e+09 -0.00610618
1.42059375e+09 -0.0588812
1.42059775e+09 -0.127022
1.42060175e+09 -0.132995
1.42060575e+09 -0.145448
1.42060975e+09 -0.168845
1.42061375e+09 -0.163228
1.42061775e+09 -0.179359
1.42062175e+09 -0.195618
1.42062575e+09 -0.194161
1.42062975e+09 -0.188013
1.42063375e+09 -0.18839
1.42063775e+09 -0.168464
1.42064175e+09 -0.157694
1.42064575e+09 -0.122747
1.42064975e+09 -0.107303
1.42065375e+09 -0.0917939
1.42065775e+09 -0.0732026
1.42066175e+09 -0.0506172
1.42066575e+09 -0.0348712
1.42066975e+09 -0.0103378
1.42067375e+09 -0.000905143
1.42067775e+09 0.00804887
1.42068175e+09 0.029309
1.42068575e+09 0.0545495
1.42068975e+09 0.0592523
1.42069375e+09 0.0605526
1.42069775e+09 0.0614023
1.42070175e+09 0.079048
1.42070575e+09 0.0727705
1.42070975e+09 0.042319
1.42071375e+09 0.0493295
1.42071775e+09 0.016001
1.42072175e+09 -0.00978959
1.42072575e+09 0.00435174
1.42072975e+09 -0.0328113
1.42073375e+09 -0.0491097
1.42073775e+09 -0.0438124
1.42074175e+09 -0.0584639
1.42074575e+09 -0.0897325
1.42074975e+09 -0.0964856
1.42075375e+09 -0.117869
1.42075775e+09 -0.124559
1.42076175e+09 -0.124792
1.42076575e+09 -0.125049
1.42076975e+09 -0.145347
1.42077375e+09 -0.151496
1.42077775e+09 -0.167348
1.42078175e+09 -0.179763
1.42078575e+09 -0.189776
1.42078975e+09 -0.18898
1.42079375e+09 -0.225294
1.42079775e+09 -0.231175
1.42080175e+09 -0.248515
1.42080575e+09 -0.247411
1.42080975e+09 -0.272342
1.42081375e+09 -0.28868
1.42081775e+09 -0.295747
1.42082175e+09 -0.290654
1.42082575e+09 -0.313948
1.42082975e+09 -0.312849
1.42083375e+09 -0.314543
1.42083775e+09 -0.31077
1.42084175e+09 -0.315462
1.42084575e+09 -0.30992
1.42084975e+09 -0.315054
1.42085375e+09 -0.31714
1.42085775e+09 -0.30522
1.42086175e+09 -0.31275
1.42086575e+09 -0.334322
1.42086975e+09 -0.313535
1.42087375e+09 -0.32221
1.42087775e+09 -0.311608
1.42088175e+09 -0.334327
1.42088575e+09 -0.344723
1.42088975e+09 -0.345568
1.42089375e+09 -0.350942
1.42089775e+09 -0.353415
1.42090175e+09 -0.369359
1.42090575e+09 -0.368102
1.42090975e+09 -0.368795
1.42091375e+09 -0.361085
1.42091775e+09 -0.347762
1.42092175e+09 -0.356997
1.42092575e+09 -0.361603
1.42092975e+09 -0.348152
1.42093375e+09 -0.338121
1.42093775e+09 -0.370112
1.42094175e+09 -0.36987
1.42094575e+09 -0.378424
1.42094975e+09 -0.387794
1.42095375e+09 -0.388296
1.42095775e+09 -0.382366
1.42096175e+09 -0.379524
1.42096575e+09 -0.374423
1.42096975e+09 -0.388047
1.42097375e+09 -0.381438
1.42097775e+09 -0.397263
1.42098175e+09 -0.389299
1.42098575e+09 -0.392962
1.42098975e+09 -0.386201
1.42099375e+09 -0.379191
1.42099775e+09 -0.378354
1.42100175e+09 -0.365004
1.42100575e+09 -0.390235
1.42100975e+09 -0.386343
1.42101375e+09 -0.394201
1.42101775e+09 -0.395662
1.42102175e+09 -0.390804
1.42102575e+09 -0.394127
1.42102975e+09 -0.394994
1.42103375e+09 -0.402352
1.42103775e+09 -0.39837
1.42104175e+09 -0.404774
1.42104575e+09 -0.405548
1.42104975e+09 -0.386516
1.42105375e+09 -0.40161
1.42105775e+09 -0.385123
1.42106175e+09 -0.398228
1.42106575e+09 -0.399089
1.42106975e+09 -0.386144
1.42107375e+09 -0.384081
1.42107775e+09 -0.386659
1.42108175e+09 -0.387126
1.42108575e+09 -0.404681
1.42108975e+09 -0.386356
1.42109375e+09 -0.410918
1.42109775e+09 -0.398393
1.42110175e+09 -0.392355
1.42110575e+09 -0.408139
1.42110975e+09 -0.386732
1.42111375e+09 -0.39396
1.42111775e+09 -0.40273
1.42112175e+09 -0.400375
1.42112575e+09 -0.383417
1.42112975e+09 -0.385304
1.42113375e+09 -0.414446
1.42113775e+09 -0.387543
1.42114175e+09 -0.403467
1.42114575e+09 -0.418163
1.42114975e+09 -0.383894
1.42115375e+09 -0.402073
1.42115775e+09 -0.401405
1.42116175e+09 -0.397216
1.42116575e+09 -0.38458
1.42116975e+09 -0.393989
1.42117375e+09 -0.409532
1.42117775e+09 -0.398488
1.42118175e+09 -0.403966
1.42118575e+09 -0.416727
1.42118975e+09 -0.399101
1.42119375e+09 -0.401794
1.42119775e+09 -0.410478
1.42120175e+09 -0.387489
1.42120575e+09 -0.407005
1.42120975e+09 -0.403408
1.42121375e+09 -0.388343
1.42121775e+09 -0.381436
1.42122175e+09 -0.387511
1.42122575e+09 -0.404393
1.42122975e+09 -0.404034
1.42123375e+09 -0.405848
1.42123775e+09 -0.390318
1.42124175e+09 -0.390949
1.42124575e+09 -0.37763
1.42124975e+09 -0.391069
1.42125375e+09 -0.380452
1.42125775e+09 -0.388098
1.42126175e+09 -0.379386
1.42126575e+09 -0.395936
1.42126975e+09 -0.399425
1.42127375e+09 -0.386211
1.42127775e+09 -0.380214
1.42128175e+09 -0.384285
1.42128575e+09 -0.380056
1.42128975e+09 -0.40089
1.42129375e+09 -0.369101
1.42129775e+09 -0.377397
1.42130175e+09 -0.389975
1.42130575e+09 -0.383195
1.42130975e+09 -0.386922
1.42131375e+09 -0.37812
1.42131775e+09 -0.374465
1.42132175e+09 -0.374414
1.42132575e+09 -0.375917
1.42132975e+09 -0.380376
1.42133375e+09 -0.368188
1.42133775e+09 -0.375703
1.42134175e+09 -0.380342
1.42134575e+09 -0.376006
1.42134975e+09 -0.37619
1.42135375e+09 -0.382292
1.42135775e+09 -0.384139
1.42136175e+09 -0.388989
1.42136575e+09 -0.388306
1.42136975e+09 -0.379847
1.42137375e+09 -0.395128
1.42137775e+09 -0.386392
1.42138175e+09 -0.371174
1.42138575e+09 -0.399839
1.42138975e+09 -0.372815
1.42139375e+09 -0.380787
1.42139775e+09 -0.38251
1.42140175e+09 -0.387135


