# rtl-power-fftw output
# galactisch: 148
# antenne: 295-58
# dark: dark20170925063727
# data: A148_20170925065218
# -b: 500
# -t: 150
# -g: 300
# -p: 0
# Acquisition start: 2017-09-25 06:52:19 UTC
# Acquisition end: 2017-09-25 06:54:50 UTC
#
# frequency [Hz] power spectral density [dB/Hz]
1.41940575e+09 -0.522288
1.41940975e+09 -0.52826
1.41941375e+09 -0.548201
1.41941775e+09 -0.52433
1.41942175e+09 -0.538727
1.41942575e+09 -0.542348
1.41942975e+09 -0.547072
1.41943375e+09 -0.532488
1.41943775e+09 -0.539349
1.41944175e+09 -0.541367
1.41944575e+09 -0.547063
1.41944975e+09 -0.546133
1.41945375e+09 -0.5509
1.41945775e+09 -0.547485
1.41946175e+09 -0.570099
1.41946575e+09 -0.552087
1.41946975e+09 -0.536972
1.41947375e+09 -0.553757
1.41947775e+09 -0.542718
1.41948175e+09 -0.552505
1.41948575e+09 -0.552689
1.41948975e+09 -0.560537
1.41949375e+09 -0.548826
1.41949775e+09 -0.549914
1.41950175e+09 -0.54808
1.41950575e+09 -0.53741
1.41950975e+09 -0.532707
1.41951375e+09 -0.534404
1.41951775e+09 -0.537812
1.41952175e+09 -0.54606
1.41952575e+09 -0.528555
1.41952975e+09 -0.52808
1.41953375e+09 -0.530705
1.41953775e+09 -0.527159
1.41954175e+09 -0.528158
1.41954575e+09 -0.528857
1.41954975e+09 -0.529188
1.41955375e+09 -0.534885
1.41955775e+09 -0.530018
1.41956175e+09 -0.538369
1.41956575e+09 -0.520452
1.41956975e+09 -0.523958
1.41957375e+09 -0.523362
1.41957775e+09 -0.523253
1.41958175e+09 -0.529145
1.41958575e+09 -0.516444
1.41958975e+09 -0.537652
1.41959375e+09 -0.529919
1.41959775e+09 -0.534408
1.41960175e+09 -0.521165
1.41960575e+09 -0.526093
1.41960975e+09 -0.522792
1.41961375e+09 -0.536279
1.41961775e+09 -0.519649
1.41962175e+09 -0.524772
1.41962575e+09 -0.545201
1.41962975e+09 -0.526169
1.41963375e+09 -0.512116
1.41963775e+09 -0.546486
1.41964175e+09 -0.515596
1.41964575e+09 -0.510778
1.41964975e+09 -0.534595
1.41965375e+09 -0.521794
1.41965775e+09 -0.512395
1.41966175e+09 -0.531641
1.41966575e+09 -0.529602
1.41966975e+09 -0.522399
1.41967375e+09 -0.536201
1.41967775e+09 -0.519621
1.41968175e+09 -0.532357
1.41968575e+09 -0.527737
1.41968975e+09 -0.520792
1.41969375e+09 -0.527002
1.41969775e+09 -0.524542
1.41970175e+09 -0.513723
1.41970575e+09 -0.523329
1.41970975e+09 -0.526457
1.41971375e+09 -0.53508
1.41971775e+09 -0.525243
1.41972175e+09 -0.544272
1.41972575e+09 -0.542742
1.41972975e+09 -0.53468
1.41973375e+09 -0.512812
1.41973775e+09 -0.543366
1.41974175e+09 -0.519307
1.41974575e+09 -0.525206
1.41974975e+09 -0.549212
1.41975375e+09 -0.537048
1.41975775e+09 -0.530021
1.41976175e+09 -0.525712
1.41976575e+09 -0.532411
1.41976975e+09 -0.531095
1.41977375e+09 -0.527085
1.41977775e+09 -0.533026
1.41978175e+09 -0.536531
1.41978575e+09 -0.525172
1.41978975e+09 -0.534655
1.41979375e+09 -0.531003
1.41979775e+09 -0.530168
1.41980175e+09 -0.532824
1.41980575e+09 -0.522359
1.41980975e+09 -0.535136
1.41981375e+09 -0.534779
1.41981775e+09 -0.541383
1.41982175e+09 -0.528366
1.41982575e+09 -0.525308
1.41982975e+09 -0.530587
1.41983375e+09 -0.547191
1.41983775e+09 -0.544233
1.41984175e+09 -0.539121
1.41984575e+09 -0.539281
1.41984975e+09 -0.536734
1.41985375e+09 -0.536963
1.41985775e+09 -0.546562
1.41986175e+09 -0.54034
1.41986575e+09 -0.540106
1.41986975e+09 -0.537476
1.41987375e+09 -0.54967
1.41987775e+09 -0.523705
1.41988175e+09 -0.537978
1.41988575e+09 -0.545869
1.41988975e+09 -0.534568
1.41989375e+09 -0.518956
1.41989775e+09 -0.548784
1.41990175e+09 -0.540418
1.41990575e+09 -0.530974
1.41990975e+09 -0.527066
1.41991375e+09 -0.55035
1.41991775e+09 -0.546562
1.41992175e+09 -0.53672
1.41992575e+09 -0.537314
1.41992975e+09 -0.541431
1.41993375e+09 -0.541877
1.41993775e+09 -0.54834
1.41994175e+09 -0.539065
1.41994575e+09 -0.547493
1.41994975e+09 -0.537682
1.41995375e+09 -0.536982
1.41995775e+09 -0.544021
1.41996175e+09 -0.539882
1.41996575e+09 -0.544026
1.41996975e+09 -0.548785
1.41997375e+09 -0.55333
1.41997775e+09 -0.545798
1.41998175e+09 -0.552273
1.41998575e+09 -0.538079
1.41998975e+09 -0.538561
1.41999375e+09 -0.542671
1.41999775e+09 -0.544793
1.42000175e+09 -0.523601
1.42000575e+09 -0.545567
1.42000975e+09 -0.544838
1.42001375e+09 -0.544006
1.42001775e+09 -0.538135
1.42002175e+09 -0.544948
1.42002575e+09 -0.530265
1.42002975e+09 -0.547076
1.42003375e+09 -0.529724
1.42003775e+09 -0.548477
1.42004175e+09 -0.546681
1.42004575e+09 -0.534517
1.42004975e+09 -0.536619
1.42005375e+09 -0.526242
1.42005775e+09 -0.552403
1.42006175e+09 -0.544207
1.42006575e+09 -0.5477
1.42006975e+09 -0.545104
1.42007375e+09 -0.544522
1.42007775e+09 -0.546889
1.42008175e+09 -0.542457
1.42008575e+09 -0.552936
1.42008975e+09 -0.553835
1.42009375e+09 -0.556705
1.42009775e+09 -0.56108
1.42010175e+09 -0.551875
1.42010575e+09 -0.556717
1.42010975e+09 -0.533622
1.42011375e+09 -0.561966
1.42011775e+09 -0.552383
1.42012175e+09 -0.543514
1.42012575e+09 -0.545216
1.42012975e+09 -0.556995
1.42013375e+09 -0.542743
1.42013775e+09 -0.542981
1.42014175e+09 -0.542953
1.42014575e+09 -0.539644
1.42014975e+09 -0.539595
1.42015375e+09 -0.539451
1.42015775e+09 -0.534922
1.42016175e+09 -0.542145
1.42016575e+09 -0.554152
1.42016975e+09 -0.547769
1.42017375e+09 -0.557248
1.42017775e+09 -0.556247
1.42018175e+09 -0.551965
1.42018575e+09 -0.538789
1.42018975e+09 -0.534716
1.42019375e+09 -0.542066
1.42019775e+09 -0.553719
1.42020175e+09 -0.550567
1.42020575e+09 -0.553981
1.42020975e+09 -0.546935
1.42021375e+09 -0.562304
1.42021775e+09 -0.552759
1.42022175e+09 -0.552086
1.42022575e+09 -0.549608
1.42022975e+09 -0.551115
1.42023375e+09 -0.540939
1.42023775e+09 -0.556199
1.42024175e+09 -0.54887
1.42024575e+09 -0.54742
1.42024975e+09 -0.506143
1.42025375e+09 -0.548617
1.42025775e+09 -0.541613
1.42026175e+09 -0.548953
1.42026575e+09 -0.554459
1.42026975e+09 -0.547974
1.42027375e+09 -0.559545
1.42027775e+09 -0.541665
1.42028175e+09 -0.567392
1.42028575e+09 -0.559051
1.42028975e+09 -0.55062
1.42029375e+09 -0.541227
1.42029775e+09 -0.547571
1.42030175e+09 -0.544626
1.42030575e+09 -0.538413
1.42030975e+09 -0.547396
1.42031375e+09 -0.542736
1.42031775e+09 -0.560658
1.42032175e+09 -0.559075
1.42032575e+09 -0.551455
1.42032975e+09 -0.556506
1.42033375e+09 -0.554847
1.42033775e+09 -0.555139
1.42034175e+09 -0.544924
1.42034575e+09 -0.549068
1.42034975e+09 -0.549935
1.42035375e+09 -0.552259
1.42035775e+09 -0.54161
1.42036175e+09 -0.547418
1.42036575e+09 -0.548455
1.42036975e+09 -0.563705
1.42037375e+09 -0.553935
1.42037775e+09 -0.557635
1.42038175e+09 -0.555976
1.42038575e+09 -0.554119
1.42038975e+09 -0.563574
1.42039375e+09 -0.555419
1.42039775e+09 -0.557523
1.42040175e+09 -0.55456
1.42040575e+09 -0.559427
1.42040975e+09 -0.564397
1.42041375e+09 -0.550883
1.42041775e+09 -0.554993
1.42042175e+09 -0.553311
1.42042575e+09 -0.557743
1.42042975e+09 -0.553511
1.42043375e+09 -0.554362
1.42043775e+09 -0.538186
1.42044175e+09 -0.547631
1.42044575e+09 -0.541001
1.42044975e+09 -0.531452
1.42045375e+09 -0.523869
1.42045775e+09 -0.519462
1.42046175e+09 -0.501561
1.42046575e+09 -0.472405
1.42046975e+09 -0.441113
1.42047375e+09 -0.405365
1.42047775e+09 -0.353867
1.42048175e+09 -0.301565
1.42048575e+09 -0.215074
1.42048975e+09 -0.164467
1.42049375e+09 -0.120222
1.42049775e+09 -0.0881229
1.42050175e+09 -0.0557954
1.42050575e+09 -0.0271261
1.42050975e+09 -0.0379566
1.42051375e+09 -0.0440544
1.42051775e+09 -0.0461906
1.42052175e+09 -0.0577574
1.42052575e+09 -0.0675019
1.42052975e+09 -0.0573904
1.42053375e+09 -0.0489174
1.42053775e+09 -0.0254211
1.42054175e+09 0.00102679
1.42054575e+09 0.0363974
1.42054975e+09 0.0734828
1.42055375e+09 0.0849466
1.42055775e+09 0.0973371
1.42056175e+09 0.0963627
1.42056575e+09 0.0867778
1.42056975e+09 0.0499352
1.42057375e+09 0.00954872
1.42057775e+09 -0.0337836
1.42058175e+09 -0.0739228
1.42058575e+09 -0.121522
1.42058975e+09 -0.175941
1.42059375e+09 -0.209363
1.42059775e+09 -0.265001
1.42060175e+09 -0.271598
1.42060575e+09 -0.279598
1.42060975e+09 -0.294919
1.42061375e+09 -0.286155
1.42061775e+09 -0.292061
1.42062175e+09 -0.317236
1.42062575e+09 -0.306118
1.42062975e+09 -0.279662
1.42063375e+09 -0.294669
1.42063775e+09 -0.24574
1.42064175e+09 -0.236556
1.42064575e+09 -0.205851
1.42064975e+09 -0.184275
1.42065375e+09 -0.160366
1.42065775e+09 -0.137097
1.42066175e+09 -0.112674
1.42066575e+09 -0.0864237
1.42066975e+09 -0.07058
1.42067375e+09 -0.058704
1.42067775e+09 -0.0371514
1.42068175e+09 -0.0349493
1.42068575e+09 -0.0203216
1.42068975e+09 -0.0186253
1.42069375e+09 -0.0282056
1.42069775e+09 -0.0289421
1.42070175e+09 -0.0347691
1.42070575e+09 -0.04579
1.42070975e+09 -0.076236
1.42071375e+09 -0.0826471
1.42071775e+09 -0.104308
1.42072175e+09 -0.135631
1.42072575e+09 -0.136535
1.42072975e+09 -0.17081
1.42073375e+09 -0.198102
1.42073775e+09 -0.191872
1.42074175e+09 -0.207765
1.42074575e+09 -0.226049
1.42074975e+09 -0.241846
1.42075375e+09 -0.248805
1.42075775e+09 -0.249444
1.42076175e+09 -0.254661
1.42076575e+09 -0.271289
1.42076975e+09 -0.284147
1.42077375e+09 -0.283697
1.42077775e+09 -0.29556
1.42078175e+09 -0.316466
1.42078575e+09 -0.324696
1.42078975e+09 -0.346296
1.42079375e+09 -0.36819
1.42079775e+09 -0.384958
1.42080175e+09 -0.395077
1.42080575e+09 -0.406407
1.42080975e+09 -0.429994
1.42081375e+09 -0.444243
1.42081775e+09 -0.454678
1.42082175e+09 -0.443575
1.42082575e+09 -0.467512
1.42082975e+09 -0.4454
1.42083375e+09 -0.462783
1.42083775e+09 -0.459723
1.42084175e+09 -0.486774
1.42084575e+09 -0.461078
1.42084975e+09 -0.464793
1.42085375e+09 -0.464971
1.42085775e+09 -0.45881
1.42086175e+09 -0.472476
1.42086575e+09 -0.483955
1.42086975e+09 -0.471548
1.42087375e+09 -0.488329
1.42087775e+09 -0.481327
1.42088175e+09 -0.488038
1.42088575e+09 -0.505488
1.42088975e+09 -0.513481
1.42089375e+09 -0.495475
1.42089775e+09 -0.514408
1.42090175e+09 -0.512403
1.42090575e+09 -0.519588
1.42090975e+09 -0.52229
1.42091375e+09 -0.516615
1.42091775e+09 -0.506396
1.42092175e+09 -0.516661
1.42092575e+09 -0.515247
1.42092975e+09 -0.502815
1.42093375e+09 -0.496688
1.42093775e+09 -0.529395
1.42094175e+09 -0.531152
1.42094575e+09 -0.534948
1.42094975e+09 -0.526857
1.42095375e+09 -0.538866
1.42095775e+09 -0.532238
1.42096175e+09 -0.514259
1.42096575e+09 -0.525073
1.42096975e+09 -0.526316
1.42097375e+09 -0.516793
1.42097775e+09 -0.543824
1.42098175e+09 -0.53676
1.42098575e+09 -0.513275
1.42098975e+09 -0.53302
1.42099375e+09 -0.527887
1.42099775e+09 -0.521554
1.42100175e+09 -0.524707
1.42100575e+09 -0.537021
1.42100975e+09 -0.520213
1.42101375e+09 -0.538275
1.42101775e+09 -0.535272
1.42102175e+09 -0.533247
1.42102575e+09 -0.536363
1.42102975e+09 -0.546544
1.42103375e+09 -0.540259
1.42103775e+09 -0.538027
1.42104175e+09 -0.533961
1.42104575e+09 -0.538604
1.42104975e+09 -0.523184
1.42105375e+09 -0.529216
1.42105775e+09 -0.537208
1.42106175e+09 -0.524816
1.42106575e+09 -0.530872
1.42106975e+09 -0.525937
1.42107375e+09 -0.511441
1.42107775e+09 -0.488786
1.42108175e+09 -0.503589
1.42108575e+09 -0.541133
1.42108975e+09 -0.531138
1.42109375e+09 -0.536257
1.42109775e+09 -0.536623
1.42110175e+09 -0.521123
1.42110575e+09 -0.54039
1.42110975e+09 -0.516686
1.42111375e+09 -0.529009
1.42111775e+09 -0.549384
1.42112175e+09 -0.541507
1.42112575e+09 -0.523835
1.42112975e+09 -0.519679
1.42113375e+09 -0.540496
1.42113775e+09 -0.52447
1.42114175e+09 -0.538117
1.42114575e+09 -0.540295
1.42114975e+09 -0.51583
1.42115375e+09 -0.550807
1.42115775e+09 -0.533659
1.42116175e+09 -0.527789
1.42116575e+09 -0.539025
1.42116975e+09 -0.530175
1.42117375e+09 -0.537986
1.42117775e+09 -0.538504
1.42118175e+09 -0.525395
1.42118575e+09 -0.536253
1.42118975e+09 -0.527467
1.42119375e+09 -0.530381
1.42119775e+09 -0.522469
1.42120175e+09 -0.517075
1.42120575e+09 -0.533808
1.42120975e+09 -0.518167
1.42121375e+09 -0.528278
1.42121775e+09 -0.513824
1.42122175e+09 -0.501902
1.42122575e+09 -0.522378
1.42122975e+09 -0.530193
1.42123375e+09 -0.543275
1.42123775e+09 -0.515678
1.42124175e+09 -0.518265
1.42124575e+09 -0.518282
1.42124975e+09 -0.521042
1.42125375e+09 -0.516916
1.42125775e+09 -0.53596
1.42126175e+09 -0.518054
1.42126575e+09 -0.533754
1.42126975e+09 -0.52143
1.42127375e+09 -0.518776
1.42127775e+09 -0.51032
1.42128175e+09 -0.522821
1.42128575e+09 -0.513314
1.42128975e+09 -0.527258
1.42129375e+09 -0.50937
1.42129775e+09 -0.511847
1.42130175e+09 -0.519488
1.42130575e+09 -0.518093
1.42130975e+09 -0.507323
1.42131375e+09 -0.518505
1.42131775e+09 -0.512079
1.42132175e+09 -0.503087
1.42132575e+09 -0.51031
1.42132975e+09 -0.5019
1.42133375e+09 -0.502852
1.42133775e+09 -0.521009
1.42134175e+09 -0.511369
1.42134575e+09 -0.508678
1.42134975e+09 -0.509802
1.42135375e+09 -0.515307
1.42135775e+09 -0.50083
1.42136175e+09 -0.514022
1.42136575e+09 -0.510392
1.42136975e+09 -0.506435
1.42137375e+09 -0.52476
1.42137775e+09 -0.513502
1.42138175e+09 -0.503333
1.42138575e+09 -0.529137
1.42138975e+09 -0.513356
1.42139375e+09 -0.503029
1.42139775e+09 -0.517544
1.42140175e+09 -0.506278


