# rtl-power-fftw output
# galactisch: 152
# antenne: 288-59
# dark: dark20170925063727
# data: A152_20170925065756
# -b: 500
# -t: 150
# -g: 300
# -p: 0
# Acquisition start: 2017-09-25 06:57:57 UTC
# Acquisition end: 2017-09-25 07:00:28 UTC
#
# frequency [Hz] power spectral density [dB/Hz]
1.41940575e+09 -0.427395
1.41940975e+09 -0.424307
1.41941375e+09 -0.459727
1.41941775e+09 -0.443733
1.41942175e+09 -0.45041
1.41942575e+09 -0.452156
1.41942975e+09 -0.445373
1.41943375e+09 -0.460572
1.41943775e+09 -0.457598
1.41944175e+09 -0.457437
1.41944575e+09 -0.460776
1.41944975e+09 -0.466568
1.41945375e+09 -0.465698
1.41945775e+09 -0.476485
1.41946175e+09 -0.474911
1.41946575e+09 -0.479434
1.41946975e+09 -0.451344
1.41947375e+09 -0.463644
1.41947775e+09 -0.466106
1.41948175e+09 -0.471077
1.41948575e+09 -0.476695
1.41948975e+09 -0.474586
1.41949375e+09 -0.47939
1.41949775e+09 -0.475358
1.41950175e+09 -0.471555
1.41950575e+09 -0.461146
1.41950975e+09 -0.464637
1.41951375e+09 -0.459702
1.41951775e+09 -0.473425
1.41952175e+09 -0.486503
1.41952575e+09 -0.456023
1.41952975e+09 -0.454104
1.41953375e+09 -0.460201
1.41953775e+09 -0.465356
1.41954175e+09 -0.453621
1.41954575e+09 -0.464928
1.41954975e+09 -0.448591
1.41955375e+09 -0.450172
1.41955775e+09 -0.458944
1.41956175e+09 -0.445256
1.41956575e+09 -0.455076
1.41956975e+09 -0.457783
1.41957375e+09 -0.456596
1.41957775e+09 -0.453268
1.41958175e+09 -0.456362
1.41958575e+09 -0.446384
1.41958975e+09 -0.46278
1.41959375e+09 -0.447826
1.41959775e+09 -0.443399
1.41960175e+09 -0.460971
1.41960575e+09 -0.447031
1.41960975e+09 -0.457291
1.41961375e+09 -0.464363
1.41961775e+09 -0.468651
1.41962175e+09 -0.456942
1.41962575e+09 -0.467359
1.41962975e+09 -0.441752
1.41963375e+09 -0.454595
1.41963775e+09 -0.462346
1.41964175e+09 -0.44913
1.41964575e+09 -0.442756
1.41964975e+09 -0.455676
1.41965375e+09 -0.446108
1.41965775e+09 -0.444163
1.41966175e+09 -0.451235
1.41966575e+09 -0.457038
1.41966975e+09 -0.446517
1.41967375e+09 -0.466872
1.41967775e+09 -0.445339
1.41968175e+09 -0.461139
1.41968575e+09 -0.452823
1.41968975e+09 -0.450498
1.41969375e+09 -0.444344
1.41969775e+09 -0.450089
1.41970175e+09 -0.454248
1.41970575e+09 -0.456587
1.41970975e+09 -0.462022
1.41971375e+09 -0.473422
1.41971775e+09 -0.462434
1.41972175e+09 -0.467377
1.41972575e+09 -0.465739
1.41972975e+09 -0.455157
1.41973375e+09 -0.431032
1.41973775e+09 -0.467183
1.41974175e+09 -0.463244
1.41974575e+09 -0.463538
1.41974975e+09 -0.473744
1.41975375e+09 -0.460813
1.41975775e+09 -0.454756
1.41976175e+09 -0.446151
1.41976575e+09 -0.459856
1.41976975e+09 -0.454885
1.41977375e+09 -0.451661
1.41977775e+09 -0.461717
1.41978175e+09 -0.459888
1.41978575e+09 -0.466488
1.41978975e+09 -0.469495
1.41979375e+09 -0.459091
1.41979775e+09 -0.462382
1.41980175e+09 -0.464773
1.41980575e+09 -0.465633
1.41980975e+09 -0.474681
1.41981375e+09 -0.470212
1.41981775e+09 -0.470306
1.41982175e+09 -0.461124
1.41982575e+09 -0.452373
1.41982975e+09 -0.466271
1.41983375e+09 -0.470689
1.41983775e+09 -0.465264
1.41984175e+09 -0.464373
1.41984575e+09 -0.45674
1.41984975e+09 -0.449452
1.41985375e+09 -0.464835
1.41985775e+09 -0.459023
1.41986175e+09 -0.459841
1.41986575e+09 -0.475076
1.41986975e+09 -0.460153
1.41987375e+09 -0.46183
1.41987775e+09 -0.455233
1.41988175e+09 -0.447989
1.41988575e+09 -0.466059
1.41988975e+09 -0.456816
1.41989375e+09 -0.462432
1.41989775e+09 -0.46728
1.41990175e+09 -0.472924
1.41990575e+09 -0.457835
1.41990975e+09 -0.441749
1.41991375e+09 -0.466714
1.41991775e+09 -0.475254
1.41992175e+09 -0.458563
1.41992575e+09 -0.449244
1.41992975e+09 -0.456867
1.41993375e+09 -0.476426
1.41993775e+09 -0.470691
1.41994175e+09 -0.454676
1.41994575e+09 -0.463466
1.41994975e+09 -0.47023
1.41995375e+09 -0.460445
1.41995775e+09 -0.469047
1.41996175e+09 -0.468701
1.41996575e+09 -0.460545
1.41996975e+09 -0.46058
1.41997375e+09 -0.474047
1.41997775e+09 -0.459785
1.41998175e+09 -0.461074
1.41998575e+09 -0.463238
1.41998975e+09 -0.462825
1.41999375e+09 -0.466049
1.41999775e+09 -0.457148
1.42000175e+09 -0.458025
1.42000575e+09 -0.467364
1.42000975e+09 -0.47848
1.42001375e+09 -0.46928
1.42001775e+09 -0.469759
1.42002175e+09 -0.464482
1.42002575e+09 -0.45586
1.42002975e+09 -0.464339
1.42003375e+09 -0.458901
1.42003775e+09 -0.467406
1.42004175e+09 -0.459084
1.42004575e+09 -0.458167
1.42004975e+09 -0.464507
1.42005375e+09 -0.450078
1.42005775e+09 -0.4774
1.42006175e+09 -0.465981
1.42006575e+09 -0.459978
1.42006975e+09 -0.464837
1.42007375e+09 -0.464991
1.42007775e+09 -0.476444
1.42008175e+09 -0.469149
1.42008575e+09 -0.46218
1.42008975e+09 -0.460591
1.42009375e+09 -0.463673
1.42009775e+09 -0.471626
1.42010175e+09 -0.466289
1.42010575e+09 -0.480065
1.42010975e+09 -0.459507
1.42011375e+09 -0.480417
1.42011775e+09 -0.467135
1.42012175e+09 -0.448711
1.42012575e+09 -0.457823
1.42012975e+09 -0.464381
1.42013375e+09 -0.471714
1.42013775e+09 -0.471769
1.42014175e+09 -0.462738
1.42014575e+09 -0.469505
1.42014975e+09 -0.461088
1.42015375e+09 -0.451369
1.42015775e+09 -0.440184
1.42016175e+09 -0.451049
1.42016575e+09 -0.456699
1.42016975e+09 -0.4684
1.42017375e+09 -0.473169
1.42017775e+09 -0.476831
1.42018175e+09 -0.479883
1.42018575e+09 -0.469142
1.42018975e+09 -0.46045
1.42019375e+09 -0.471537
1.42019775e+09 -0.471498
1.42020175e+09 -0.480457
1.42020575e+09 -0.47078
1.42020975e+09 -0.485842
1.42021375e+09 -0.490654
1.42021775e+09 -0.48569
1.42022175e+09 -0.470586
1.42022575e+09 -0.461329
1.42022975e+09 -0.477743
1.42023375e+09 -0.457779
1.42023775e+09 -0.463891
1.42024175e+09 -0.472992
1.42024575e+09 -0.454514
1.42024975e+09 -0.431578
1.42025375e+09 -0.46732
1.42025775e+09 -0.463715
1.42026175e+09 -0.46973
1.42026575e+09 -0.461651
1.42026975e+09 -0.478778
1.42027375e+09 -0.470774
1.42027775e+09 -0.471543
1.42028175e+09 -0.487696
1.42028575e+09 -0.467001
1.42028975e+09 -0.475456
1.42029375e+09 -0.457139
1.42029775e+09 -0.463193
1.42030175e+09 -0.466046
1.42030575e+09 -0.449578
1.42030975e+09 -0.4664
1.42031375e+09 -0.469162
1.42031775e+09 -0.466343
1.42032175e+09 -0.47934
1.42032575e+09 -0.47135
1.42032975e+09 -0.462576
1.42033375e+09 -0.465188
1.42033775e+09 -0.464596
1.42034175e+09 -0.467123
1.42034575e+09 -0.471681
1.42034975e+09 -0.464405
1.42035375e+09 -0.476941
1.42035775e+09 -0.454541
1.42036175e+09 -0.465618
1.42036575e+09 -0.460887
1.42036975e+09 -0.472925
1.42037375e+09 -0.468182
1.42037775e+09 -0.465269
1.42038175e+09 -0.470993
1.42038575e+09 -0.484144
1.42038975e+09 -0.480155
1.42039375e+09 -0.476571
1.42039775e+09 -0.470085
1.42040175e+09 -0.476863
1.42040575e+09 -0.469504
1.42040975e+09 -0.462263
1.42041375e+09 -0.461265
1.42041775e+09 -0.466023
1.42042175e+09 -0.465209
1.42042575e+09 -0.467571
1.42042975e+09 -0.466717
1.42043375e+09 -0.469841
1.42043775e+09 -0.461488
1.42044175e+09 -0.447309
1.42044575e+09 -0.45209
1.42044975e+09 -0.443138
1.42045375e+09 -0.427868
1.42045775e+09 -0.423706
1.42046175e+09 -0.402679
1.42046575e+09 -0.375168
1.42046975e+09 -0.339131
1.42047375e+09 -0.29977
1.42047775e+09 -0.232272
1.42048175e+09 -0.175018
1.42048575e+09 -0.113103
1.42048975e+09 -0.0635223
1.42049375e+09 -0.0220058
1.42049775e+09 0.00277501
1.42050175e+09 0.0356501
1.42050575e+09 0.0656324
1.42050975e+09 0.0759116
1.42051375e+09 0.0930725
1.42051775e+09 0.083669
1.42052175e+09 0.0881282
1.42052575e+09 0.0961972
1.42052975e+09 0.114765
1.42053375e+09 0.128503
1.42053775e+09 0.155811
1.42054175e+09 0.152572
1.42054575e+09 0.169503
1.42054975e+09 0.172929
1.42055375e+09 0.169303
1.42055775e+09 0.154897
1.42056175e+09 0.134992
1.42056575e+09 0.0975347
1.42056975e+09 0.0718303
1.42057375e+09 0.0409353
1.42057775e+09 0.0100073
1.42058175e+09 -0.0208162
1.42058575e+09 -0.0349362
1.42058975e+09 -0.0810768
1.42059375e+09 -0.0956801
1.42059775e+09 -0.116445
1.42060175e+09 -0.116336
1.42060575e+09 -0.107426
1.42060975e+09 -0.122765
1.42061375e+09 -0.0987534
1.42061775e+09 -0.108239
1.42062175e+09 -0.111806
1.42062575e+09 -0.106227
1.42062975e+09 -0.080043
1.42063375e+09 -0.0781883
1.42063775e+09 -0.0438573
1.42064175e+09 -0.0281012
1.42064575e+09 0.0100105
1.42064975e+09 0.0429737
1.42065375e+09 0.061894
1.42065775e+09 0.0779166
1.42066175e+09 0.0958767
1.42066575e+09 0.116453
1.42066975e+09 0.130928
1.42067375e+09 0.130347
1.42067775e+09 0.123016
1.42068175e+09 0.117684
1.42068575e+09 0.116699
1.42068975e+09 0.110777
1.42069375e+09 0.0921356
1.42069775e+09 0.0812101
1.42070175e+09 0.048491
1.42070575e+09 0.0330746
1.42070975e+09 0.00204216
1.42071375e+09 -0.0101595
1.42071775e+09 -0.0327177
1.42072175e+09 -0.0631434
1.42072575e+09 -0.0609828
1.42072975e+09 -0.0951058
1.42073375e+09 -0.101944
1.42073775e+09 -0.108674
1.42074175e+09 -0.121044
1.42074575e+09 -0.152438
1.42074975e+09 -0.16822
1.42075375e+09 -0.170696
1.42075775e+09 -0.161397
1.42076175e+09 -0.191578
1.42076575e+09 -0.201122
1.42076975e+09 -0.226766
1.42077375e+09 -0.234284
1.42077775e+09 -0.245324
1.42078175e+09 -0.262002
1.42078575e+09 -0.274475
1.42078975e+09 -0.28866
1.42079375e+09 -0.300318
1.42079775e+09 -0.303646
1.42080175e+09 -0.332617
1.42080575e+09 -0.335028
1.42080975e+09 -0.359986
1.42081375e+09 -0.359139
1.42081775e+09 -0.37332
1.42082175e+09 -0.369918
1.42082575e+09 -0.384967
1.42082975e+09 -0.373085
1.42083375e+09 -0.3975
1.42083775e+09 -0.386894
1.42084175e+09 -0.395154
1.42084575e+09 -0.394512
1.42084975e+09 -0.392302
1.42085375e+09 -0.403372
1.42085775e+09 -0.399686
1.42086175e+09 -0.400842
1.42086575e+09 -0.413682
1.42086975e+09 -0.397657
1.42087375e+09 -0.412486
1.42087775e+09 -0.402092
1.42088175e+09 -0.419809
1.42088575e+09 -0.4295
1.42088975e+09 -0.435714
1.42089375e+09 -0.427352
1.42089775e+09 -0.433605
1.42090175e+09 -0.437571
1.42090575e+09 -0.443269
1.42090975e+09 -0.441804
1.42091375e+09 -0.4328
1.42091775e+09 -0.430189
1.42092175e+09 -0.434519
1.42092575e+09 -0.431173
1.42092975e+09 -0.410512
1.42093375e+09 -0.416591
1.42093775e+09 -0.431102
1.42094175e+09 -0.434048
1.42094575e+09 -0.432936
1.42094975e+09 -0.448295
1.42095375e+09 -0.441179
1.42095775e+09 -0.437998
1.42096175e+09 -0.438155
1.42096575e+09 -0.437086
1.42096975e+09 -0.442837
1.42097375e+09 -0.43706
1.42097775e+09 -0.457233
1.42098175e+09 -0.445066
1.42098575e+09 -0.446869
1.42098975e+09 -0.437771
1.42099375e+09 -0.433199
1.42099775e+09 -0.43439
1.42100175e+09 -0.426784
1.42100575e+09 -0.43028
1.42100975e+09 -0.430689
1.42101375e+09 -0.437997
1.42101775e+09 -0.440242
1.42102175e+09 -0.44991
1.42102575e+09 -0.438477
1.42102975e+09 -0.452663
1.42103375e+09 -0.456247
1.42103775e+09 -0.445229
1.42104175e+09 -0.438116
1.42104575e+09 -0.44002
1.42104975e+09 -0.430854
1.42105375e+09 -0.44352
1.42105775e+09 -0.425928
1.42106175e+09 -0.426552
1.42106575e+09 -0.439146
1.42106975e+09 -0.427566
1.42107375e+09 -0.406373
1.42107775e+09 -0.395204
1.42108175e+09 -0.414075
1.42108575e+09 -0.433295
1.42108975e+09 -0.432576
1.42109375e+09 -0.445473
1.42109775e+09 -0.437763
1.42110175e+09 -0.430749
1.42110575e+09 -0.431146
1.42110975e+09 -0.417897
1.42111375e+09 -0.429107
1.42111775e+09 -0.4418
1.42112175e+09 -0.425019
1.42112575e+09 -0.435313
1.42112975e+09 -0.426087
1.42113375e+09 -0.447753
1.42113775e+09 -0.441091
1.42114175e+09 -0.435702
1.42114575e+09 -0.460049
1.42114975e+09 -0.418207
1.42115375e+09 -0.43216
1.42115775e+09 -0.440245
1.42116175e+09 -0.442262
1.42116575e+09 -0.438119
1.42116975e+09 -0.427773
1.42117375e+09 -0.43814
1.42117775e+09 -0.424599
1.42118175e+09 -0.433014
1.42118575e+09 -0.442924
1.42118975e+09 -0.428302
1.42119375e+09 -0.422099
1.42119775e+09 -0.441248
1.42120175e+09 -0.432329
1.42120575e+09 -0.429855
1.42120975e+09 -0.41753
1.42121375e+09 -0.427868
1.42121775e+09 -0.408008
1.42122175e+09 -0.405287
1.42122575e+09 -0.418947
1.42122975e+09 -0.429628
1.42123375e+09 -0.437367
1.42123775e+09 -0.419876
1.42124175e+09 -0.414522
1.42124575e+09 -0.411746
1.42124975e+09 -0.418921
1.42125375e+09 -0.429675
1.42125775e+09 -0.426093
1.42126175e+09 -0.415457
1.42126575e+09 -0.435156
1.42126975e+09 -0.417743
1.42127375e+09 -0.407803
1.42127775e+09 -0.414652
1.42128175e+09 -0.408688
1.42128575e+09 -0.410731
1.42128975e+09 -0.431882
1.42129375e+09 -0.418479
1.42129775e+09 -0.410458
1.42130175e+09 -0.409229
1.42130575e+09 -0.413666
1.42130975e+09 -0.413055
1.42131375e+09 -0.40767
1.42131775e+09 -0.400835
1.42132175e+09 -0.408567
1.42132575e+09 -0.402736
1.42132975e+09 -0.401838
1.42133375e+09 -0.397286
1.42133775e+09 -0.417809
1.42134175e+09 -0.405303
1.42134575e+09 -0.410792
1.42134975e+09 -0.416197
1.42135375e+09 -0.413715
1.42135775e+09 -0.41066
1.42136175e+09 -0.416366
1.42136575e+09 -0.419374
1.42136975e+09 -0.410832
1.42137375e+09 -0.421733
1.42137775e+09 -0.414735
1.42138175e+09 -0.414768
1.42138575e+09 -0.439386
1.42138975e+09 -0.414925
1.42139375e+09 -0.415154
1.42139775e+09 -0.414816
1.42140175e+09 -0.416849


