# rtl-power-fftw output
# galactisch: 156
# antenne: 282-60
# dark: dark20170925063727
# data: A156_20170925070451
# -b: 500
# -t: 150
# -g: 300
# -p: 0
# Acquisition start: 2017-09-25 07:04:52 UTC
# Acquisition end: 2017-09-25 07:07:23 UTC
#
# frequency [Hz] power spectral density [dB/Hz]
1.41940575e+09 -0.236274
1.41940975e+09 -0.237221
1.41941375e+09 -0.25353
1.41941775e+09 -0.240761
1.41942175e+09 -0.240228
1.41942575e+09 -0.260311
1.41942975e+09 -0.263203
1.41943375e+09 -0.247251
1.41943775e+09 -0.272852
1.41944175e+09 -0.260998
1.41944575e+09 -0.264176
1.41944975e+09 -0.261027
1.41945375e+09 -0.27547
1.41945775e+09 -0.269014
1.41946175e+09 -0.279041
1.41946575e+09 -0.27823
1.41946975e+09 -0.28031
1.41947375e+09 -0.273663
1.41947775e+09 -0.271922
1.41948175e+09 -0.28478
1.41948575e+09 -0.27938
1.41948975e+09 -0.283757
1.41949375e+09 -0.286639
1.41949775e+09 -0.286627
1.41950175e+09 -0.281634
1.41950575e+09 -0.270859
1.41950975e+09 -0.275277
1.41951375e+09 -0.277994
1.41951775e+09 -0.285085
1.41952175e+09 -0.299026
1.41952575e+09 -0.269073
1.41952975e+09 -0.276563
1.41953375e+09 -0.263742
1.41953775e+09 -0.25181
1.41954175e+09 -0.270217
1.41954575e+09 -0.275183
1.41954975e+09 -0.259809
1.41955375e+09 -0.268275
1.41955775e+09 -0.272882
1.41956175e+09 -0.265598
1.41956575e+09 -0.259235
1.41956975e+09 -0.269245
1.41957375e+09 -0.266152
1.41957775e+09 -0.262808
1.41958175e+09 -0.27306
1.41958575e+09 -0.264836
1.41958975e+09 -0.273121
1.41959375e+09 -0.266971
1.41959775e+09 -0.271818
1.41960175e+09 -0.256794
1.41960575e+09 -0.267141
1.41960975e+09 -0.261757
1.41961375e+09 -0.273741
1.41961775e+09 -0.272911
1.41962175e+09 -0.265438
1.41962575e+09 -0.283411
1.41962975e+09 -0.259632
1.41963375e+09 -0.267341
1.41963775e+09 -0.273918
1.41964175e+09 -0.257566
1.41964575e+09 -0.249418
1.41964975e+09 -0.265146
1.41965375e+09 -0.252463
1.41965775e+09 -0.257153
1.41966175e+09 -0.264474
1.41966575e+09 -0.261796
1.41966975e+09 -0.251448
1.41967375e+09 -0.257669
1.41967775e+09 -0.244086
1.41968175e+09 -0.262265
1.41968575e+09 -0.251172
1.41968975e+09 -0.232993
1.41969375e+09 -0.244395
1.41969775e+09 -0.242755
1.41970175e+09 -0.249924
1.41970575e+09 -0.255879
1.41970975e+09 -0.255989
1.41971375e+09 -0.263265
1.41971775e+09 -0.27339
1.41972175e+09 -0.260092
1.41972575e+09 -0.263631
1.41972975e+09 -0.262115
1.41973375e+09 -0.24218
1.41973775e+09 -0.269416
1.41974175e+09 -0.260987
1.41974575e+09 -0.252409
1.41974975e+09 -0.274389
1.41975375e+09 -0.256825
1.41975775e+09 -0.259315
1.41976175e+09 -0.260626
1.41976575e+09 -0.268565
1.41976975e+09 -0.254072
1.41977375e+09 -0.258506
1.41977775e+09 -0.263301
1.41978175e+09 -0.252222
1.41978575e+09 -0.255173
1.41978975e+09 -0.269279
1.41979375e+09 -0.261795
1.41979775e+09 -0.262805
1.41980175e+09 -0.259635
1.41980575e+09 -0.268915
1.41980975e+09 -0.262571
1.41981375e+09 -0.266226
1.41981775e+09 -0.271224
1.41982175e+09 -0.255326
1.41982575e+09 -0.260436
1.41982975e+09 -0.262713
1.41983375e+09 -0.269316
1.41983775e+09 -0.251334
1.41984175e+09 -0.260151
1.41984575e+09 -0.260162
1.41984975e+09 -0.256143
1.41985375e+09 -0.263119
1.41985775e+09 -0.257237
1.41986175e+09 -0.268029
1.41986575e+09 -0.266097
1.41986975e+09 -0.262498
1.41987375e+09 -0.263796
1.41987775e+09 -0.259466
1.41988175e+09 -0.253805
1.41988575e+09 -0.265492
1.41988975e+09 -0.259036
1.41989375e+09 -0.248484
1.41989775e+09 -0.255418
1.41990175e+09 -0.260672
1.41990575e+09 -0.25973
1.41990975e+09 -0.250895
1.41991375e+09 -0.269102
1.41991775e+09 -0.262373
1.41992175e+09 -0.263045
1.41992575e+09 -0.252172
1.41992975e+09 -0.258285
1.41993375e+09 -0.277532
1.41993775e+09 -0.257879
1.41994175e+09 -0.256733
1.41994575e+09 -0.262674
1.41994975e+09 -0.258986
1.41995375e+09 -0.249338
1.41995775e+09 -0.260486
1.41996175e+09 -0.258575
1.41996575e+09 -0.259046
1.41996975e+09 -0.256942
1.41997375e+09 -0.266393
1.41997775e+09 -0.253706
1.41998175e+09 -0.250083
1.41998575e+09 -0.255066
1.41998975e+09 -0.253144
1.41999375e+09 -0.254193
1.41999775e+09 -0.2423
1.42000175e+09 -0.23089
1.42000575e+09 -0.246803
1.42000975e+09 -0.248692
1.42001375e+09 -0.25395
1.42001775e+09 -0.271015
1.42002175e+09 -0.265407
1.42002575e+09 -0.255048
1.42002975e+09 -0.265674
1.42003375e+09 -0.248069
1.42003775e+09 -0.252178
1.42004175e+09 -0.256787
1.42004575e+09 -0.252011
1.42004975e+09 -0.23925
1.42005375e+09 -0.249291
1.42005775e+09 -0.275699
1.42006175e+09 -0.26159
1.42006575e+09 -0.241515
1.42006975e+09 -0.258019
1.42007375e+09 -0.257556
1.42007775e+09 -0.259117
1.42008175e+09 -0.256723
1.42008575e+09 -0.247285
1.42008975e+09 -0.264167
1.42009375e+09 -0.270122
1.42009775e+09 -0.26845
1.42010175e+09 -0.250864
1.42010575e+09 -0.261748
1.42010975e+09 -0.243639
1.42011375e+09 -0.26857
1.42011775e+09 -0.261714
1.42012175e+09 -0.235762
1.42012575e+09 -0.239384
1.42012975e+09 -0.245233
1.42013375e+09 -0.253856
1.42013775e+09 -0.24564
1.42014175e+09 -0.248557
1.42014575e+09 -0.252767
1.42014975e+09 -0.22791
1.42015375e+09 -0.208104
1.42015775e+09 -0.226835
1.42016175e+09 -0.232287
1.42016575e+09 -0.245552
1.42016975e+09 -0.242122
1.42017375e+09 -0.264953
1.42017775e+09 -0.253844
1.42018175e+09 -0.248675
1.42018575e+09 -0.253113
1.42018975e+09 -0.24113
1.42019375e+09 -0.252675
1.42019775e+09 -0.26569
1.42020175e+09 -0.255401
1.42020575e+09 -0.261784
1.42020975e+09 -0.26364
1.42021375e+09 -0.262181
1.42021775e+09 -0.261876
1.42022175e+09 -0.253541
1.42022575e+09 -0.249941
1.42022975e+09 -0.26649
1.42023375e+09 -0.245088
1.42023775e+09 -0.269948
1.42024175e+09 -0.252479
1.42024575e+09 -0.250284
1.42024975e+09 -0.21313
1.42025375e+09 -0.253862
1.42025775e+09 -0.243308
1.42026175e+09 -0.252763
1.42026575e+09 -0.251432
1.42026975e+09 -0.255653
1.42027375e+09 -0.255163
1.42027775e+09 -0.234471
1.42028175e+09 -0.253916
1.42028575e+09 -0.256593
1.42028975e+09 -0.255966
1.42029375e+09 -0.240549
1.42029775e+09 -0.237901
1.42030175e+09 -0.24234
1.42030575e+09 -0.224851
1.42030975e+09 -0.244981
1.42031375e+09 -0.240872
1.42031775e+09 -0.24178
1.42032175e+09 -0.256598
1.42032575e+09 -0.239029
1.42032975e+09 -0.238222
1.42033375e+09 -0.265512
1.42033775e+09 -0.247859
1.42034175e+09 -0.241338
1.42034575e+09 -0.254295
1.42034975e+09 -0.238737
1.42035375e+09 -0.255921
1.42035775e+09 -0.242504
1.42036175e+09 -0.253876
1.42036575e+09 -0.24387
1.42036975e+09 -0.252419
1.42037375e+09 -0.256772
1.42037775e+09 -0.254662
1.42038175e+09 -0.261269
1.42038575e+09 -0.2534
1.42038975e+09 -0.253431
1.42039375e+09 -0.249225
1.42039775e+09 -0.239373
1.42040175e+09 -0.259288
1.42040575e+09 -0.255754
1.42040975e+09 -0.252327
1.42041375e+09 -0.247897
1.42041775e+09 -0.2526
1.42042175e+09 -0.225812
1.42042575e+09 -0.250695
1.42042975e+09 -0.249282
1.42043375e+09 -0.250309
1.42043775e+09 -0.23672
1.42044175e+09 -0.226176
1.42044575e+09 -0.219625
1.42044975e+09 -0.20396
1.42045375e+09 -0.209041
1.42045775e+09 -0.193083
1.42046175e+09 -0.159355
1.42046575e+09 -0.127113
1.42046975e+09 -0.0946743
1.42047375e+09 -0.050112
1.42047775e+09 0.00267276
1.42048175e+09 0.0468475
1.42048575e+09 0.117305
1.42048975e+09 0.162004
1.42049375e+09 0.209143
1.42049775e+09 0.215669
1.42050175e+09 0.268635
1.42050575e+09 0.309181
1.42050975e+09 0.306612
1.42051375e+09 0.339013
1.42051775e+09 0.345162
1.42052175e+09 0.349185
1.42052575e+09 0.363882
1.42052975e+09 0.381495
1.42053375e+09 0.396665
1.42053775e+09 0.411948
1.42054175e+09 0.41106
1.42054575e+09 0.397384
1.42054975e+09 0.390389
1.42055375e+09 0.361413
1.42055775e+09 0.339605
1.42056175e+09 0.309368
1.42056575e+09 0.287205
1.42056975e+09 0.28123
1.42057375e+09 0.255774
1.42057775e+09 0.229566
1.42058175e+09 0.213567
1.42058575e+09 0.200229
1.42058975e+09 0.184207
1.42059375e+09 0.17283
1.42059775e+09 0.14733
1.42060175e+09 0.150845
1.42060575e+09 0.165934
1.42060975e+09 0.167324
1.42061375e+09 0.212338
1.42061775e+09 0.217517
1.42062175e+09 0.169913
1.42062575e+09 0.184362
1.42062975e+09 0.194637
1.42063375e+09 0.202413
1.42063775e+09 0.230777
1.42064175e+09 0.244588
1.42064575e+09 0.262505
1.42064975e+09 0.287914
1.42065375e+09 0.287115
1.42065775e+09 0.304771
1.42066175e+09 0.300501
1.42066575e+09 0.302818
1.42066975e+09 0.310631
1.42067375e+09 0.299495
1.42067775e+09 0.2791
1.42068175e+09 0.270804
1.42068575e+09 0.251049
1.42068975e+09 0.247152
1.42069375e+09 0.213688
1.42069775e+09 0.197792
1.42070175e+09 0.166213
1.42070575e+09 0.150662
1.42070975e+09 0.120522
1.42071375e+09 0.107195
1.42071775e+09 0.0867441
1.42072175e+09 0.0532457
1.42072575e+09 0.0651803
1.42072975e+09 0.0439177
1.42073375e+09 0.025151
1.42073775e+09 0.0317873
1.42074175e+09 0.0200418
1.42074575e+09 -0.0213257
1.42074975e+09 -0.0269807
1.42075375e+09 -0.0441851
1.42075775e+09 -0.0478635
1.42076175e+09 -0.0725507
1.42076575e+09 -0.0929184
1.42076975e+09 -0.105408
1.42077375e+09 -0.122289
1.42077775e+09 -0.128179
1.42078175e+09 -0.142125
1.42078575e+09 -0.134563
1.42078975e+09 -0.15421
1.42079375e+09 -0.156232
1.42079775e+09 -0.155715
1.42080175e+09 -0.147255
1.42080575e+09 -0.180372
1.42080975e+09 -0.181871
1.42081375e+09 -0.188377
1.42081775e+09 -0.195506
1.42082175e+09 -0.187914
1.42082575e+09 -0.211832
1.42082975e+09 -0.183494
1.42083375e+09 -0.189624
1.42083775e+09 -0.206235
1.42084175e+09 -0.217061
1.42084575e+09 -0.203925
1.42084975e+09 -0.202418
1.42085375e+09 -0.207746
1.42085775e+09 -0.20623
1.42086175e+09 -0.202307
1.42086575e+09 -0.219258
1.42086975e+09 -0.205477
1.42087375e+09 -0.215336
1.42087775e+09 -0.194823
1.42088175e+09 -0.207257
1.42088575e+09 -0.213476
1.42088975e+09 -0.212554
1.42089375e+09 -0.215343
1.42089775e+09 -0.209038
1.42090175e+09 -0.228082
1.42090575e+09 -0.220281
1.42090975e+09 -0.21373
1.42091375e+09 -0.215016
1.42091775e+09 -0.206676
1.42092175e+09 -0.209942
1.42092575e+09 -0.20378
1.42092975e+09 -0.172882
1.42093375e+09 -0.176023
1.42093775e+09 -0.215047
1.42094175e+09 -0.210697
1.42094575e+09 -0.227726
1.42094975e+09 -0.225969
1.42095375e+09 -0.226969
1.42095775e+09 -0.224155
1.42096175e+09 -0.228622
1.42096575e+09 -0.22378
1.42096975e+09 -0.235753
1.42097375e+09 -0.221563
1.42097775e+09 -0.236177
1.42098175e+09 -0.229095
1.42098575e+09 -0.224804
1.42098975e+09 -0.221636
1.42099375e+09 -0.230466
1.42099775e+09 -0.211696
1.42100175e+09 -0.219911
1.42100575e+09 -0.228282
1.42100975e+09 -0.222699
1.42101375e+09 -0.219544
1.42101775e+09 -0.224241
1.42102175e+09 -0.225758
1.42102575e+09 -0.228775
1.42102975e+09 -0.224978
1.42103375e+09 -0.235998
1.42103775e+09 -0.229574
1.42104175e+09 -0.22303
1.42104575e+09 -0.223601
1.42104975e+09 -0.220716
1.42105375e+09 -0.219343
1.42105775e+09 -0.21569
1.42106175e+09 -0.21182
1.42106575e+09 -0.217449
1.42106975e+09 -0.174149
1.42107375e+09 -0.158176
1.42107775e+09 -0.151073
1.42108175e+09 -0.178484
1.42108575e+09 -0.211028
1.42108975e+09 -0.193257
1.42109375e+09 -0.223947
1.42109775e+09 -0.223683
1.42110175e+09 -0.206298
1.42110575e+09 -0.227221
1.42110975e+09 -0.207685
1.42111375e+09 -0.215934
1.42111775e+09 -0.221317
1.42112175e+09 -0.225744
1.42112575e+09 -0.212836
1.42112975e+09 -0.214701
1.42113375e+09 -0.236524
1.42113775e+09 -0.222822
1.42114175e+09 -0.227046
1.42114575e+09 -0.228423
1.42114975e+09 -0.209806
1.42115375e+09 -0.23526
1.42115775e+09 -0.219088
1.42116175e+09 -0.213012
1.42116575e+09 -0.223597
1.42116975e+09 -0.209764
1.42117375e+09 -0.230692
1.42117775e+09 -0.213023
1.42118175e+09 -0.222702
1.42118575e+09 -0.227022
1.42118975e+09 -0.22377
1.42119375e+09 -0.215484
1.42119775e+09 -0.219597
1.42120175e+09 -0.215398
1.42120575e+09 -0.222375
1.42120975e+09 -0.207645
1.42121375e+09 -0.204659
1.42121775e+09 -0.18775
1.42122175e+09 -0.189287
1.42122575e+09 -0.219901
1.42122975e+09 -0.218615
1.42123375e+09 -0.228296
1.42123775e+09 -0.208366
1.42124175e+09 -0.206227
1.42124575e+09 -0.213527
1.42124975e+09 -0.217968
1.42125375e+09 -0.215388
1.42125775e+09 -0.219139
1.42126175e+09 -0.208769
1.42126575e+09 -0.212272
1.42126975e+09 -0.207665
1.42127375e+09 -0.202383
1.42127775e+09 -0.192401
1.42128175e+09 -0.19869
1.42128575e+09 -0.202447
1.42128975e+09 -0.219796
1.42129375e+09 -0.204198
1.42129775e+09 -0.189651
1.42130175e+09 -0.216375
1.42130575e+09 -0.223964
1.42130975e+09 -0.200923
1.42131375e+09 -0.205264
1.42131775e+09 -0.209745
1.42132175e+09 -0.201929
1.42132575e+09 -0.206338
1.42132975e+09 -0.201714
1.42133375e+09 -0.211972
1.42133775e+09 -0.208244
1.42134175e+09 -0.214265
1.42134575e+09 -0.214057
1.42134975e+09 -0.211795
1.42135375e+09 -0.198794
1.42135775e+09 -0.20924
1.42136175e+09 -0.213527
1.42136575e+09 -0.213301
1.42136975e+09 -0.199423
1.42137375e+09 -0.221782
1.42137775e+09 -0.209957
1.42138175e+09 -0.233085
1.42138575e+09 -0.227734
1.42138975e+09 -0.195808
1.42139375e+09 -0.208222
1.42139775e+09 -0.202516
1.42140175e+09 -0.221474


