# rtl-power-fftw output
# galactisch: 160
# antenne: 275-60
# dark: dark20170925063727
# data: A160_20170925070859
# -b: 500
# -t: 150
# -g: 300
# -p: 0
# Acquisition start: 2017-09-25 07:09:00 UTC
# Acquisition end: 2017-09-25 07:11:31 UTC
#
# frequency [Hz] power spectral density [dB/Hz]
1.41940575e+09 -0.382457
1.41940975e+09 -0.383083
1.41941375e+09 -0.388935
1.41941775e+09 -0.397566
1.41942175e+09 -0.38696
1.41942575e+09 -0.399439
1.41942975e+09 -0.404733
1.41943375e+09 -0.392958
1.41943775e+09 -0.400474
1.41944175e+09 -0.412583
1.41944575e+09 -0.397148
1.41944975e+09 -0.406736
1.41945375e+09 -0.411903
1.41945775e+09 -0.400771
1.41946175e+09 -0.436048
1.41946575e+09 -0.40838
1.41946975e+09 -0.396508
1.41947375e+09 -0.405547
1.41947775e+09 -0.393815
1.41948175e+09 -0.410792
1.41948575e+09 -0.409645
1.41948975e+09 -0.403
1.41949375e+09 -0.407233
1.41949775e+09 -0.399016
1.41950175e+09 -0.400267
1.41950575e+09 -0.400795
1.41950975e+09 -0.392715
1.41951375e+09 -0.391202
1.41951775e+09 -0.402529
1.41952175e+09 -0.407394
1.41952575e+09 -0.374041
1.41952975e+09 -0.366545
1.41953375e+09 -0.371636
1.41953775e+09 -0.371599
1.41954175e+09 -0.376172
1.41954575e+09 -0.388555
1.41954975e+09 -0.371411
1.41955375e+09 -0.377174
1.41955775e+09 -0.368014
1.41956175e+09 -0.374517
1.41956575e+09 -0.37088
1.41956975e+09 -0.383804
1.41957375e+09 -0.375732
1.41957775e+09 -0.370386
1.41958175e+09 -0.377736
1.41958575e+09 -0.364293
1.41958975e+09 -0.381096
1.41959375e+09 -0.367629
1.41959775e+09 -0.37603
1.41960175e+09 -0.357792
1.41960575e+09 -0.380381
1.41960975e+09 -0.376597
1.41961375e+09 -0.387885
1.41961775e+09 -0.369955
1.41962175e+09 -0.370943
1.41962575e+09 -0.378983
1.41962975e+09 -0.370577
1.41963375e+09 -0.384958
1.41963775e+09 -0.385321
1.41964175e+09 -0.363217
1.41964575e+09 -0.347729
1.41964975e+09 -0.375328
1.41965375e+09 -0.363766
1.41965775e+09 -0.355279
1.41966175e+09 -0.382119
1.41966575e+09 -0.369309
1.41966975e+09 -0.37955
1.41967375e+09 -0.380284
1.41967775e+09 -0.364508
1.41968175e+09 -0.371809
1.41968575e+09 -0.355538
1.41968975e+09 -0.352987
1.41969375e+09 -0.364035
1.41969775e+09 -0.372393
1.41970175e+09 -0.368969
1.41970575e+09 -0.381297
1.41970975e+09 -0.373502
1.41971375e+09 -0.376191
1.41971775e+09 -0.37039
1.41972175e+09 -0.366844
1.41972575e+09 -0.381184
1.41972975e+09 -0.381644
1.41973375e+09 -0.368286
1.41973775e+09 -0.379371
1.41974175e+09 -0.371464
1.41974575e+09 -0.36945
1.41974975e+09 -0.383564
1.41975375e+09 -0.372625
1.41975775e+09 -0.372998
1.41976175e+09 -0.368601
1.41976575e+09 -0.365195
1.41976975e+09 -0.364105
1.41977375e+09 -0.379197
1.41977775e+09 -0.377411
1.41978175e+09 -0.376078
1.41978575e+09 -0.372107
1.41978975e+09 -0.371885
1.41979375e+09 -0.372413
1.41979775e+09 -0.372288
1.41980175e+09 -0.369659
1.41980575e+09 -0.375808
1.41980975e+09 -0.371146
1.41981375e+09 -0.376236
1.41981775e+09 -0.385128
1.41982175e+09 -0.36846
1.41982575e+09 -0.377563
1.41982975e+09 -0.369654
1.41983375e+09 -0.395506
1.41983775e+09 -0.372855
1.41984175e+09 -0.381853
1.41984575e+09 -0.365691
1.41984975e+09 -0.363868
1.41985375e+09 -0.377148
1.41985775e+09 -0.373569
1.41986175e+09 -0.388599
1.41986575e+09 -0.38494
1.41986975e+09 -0.387427
1.41987375e+09 -0.384357
1.41987775e+09 -0.373064
1.41988175e+09 -0.367241
1.41988575e+09 -0.389149
1.41988975e+09 -0.371103
1.41989375e+09 -0.37109
1.41989775e+09 -0.381134
1.41990175e+09 -0.384393
1.41990575e+09 -0.36894
1.41990975e+09 -0.356563
1.41991375e+09 -0.392323
1.41991775e+09 -0.381573
1.41992175e+09 -0.383007
1.41992575e+09 -0.37026
1.41992975e+09 -0.372129
1.41993375e+09 -0.39543
1.41993775e+09 -0.379421
1.41994175e+09 -0.364407
1.41994575e+09 -0.378576
1.41994975e+09 -0.384793
1.41995375e+09 -0.358581
1.41995775e+09 -0.375248
1.41996175e+09 -0.374534
1.41996575e+09 -0.38275
1.41996975e+09 -0.372773
1.41997375e+09 -0.387463
1.41997775e+09 -0.363162
1.41998175e+09 -0.371526
1.41998575e+09 -0.37829
1.41998975e+09 -0.374533
1.41999375e+09 -0.371809
1.41999775e+09 -0.359145
1.42000175e+09 -0.36587
1.42000575e+09 -0.369316
1.42000975e+09 -0.370398
1.42001375e+09 -0.376553
1.42001775e+09 -0.379743
1.42002175e+09 -0.375123
1.42002575e+09 -0.371674
1.42002975e+09 -0.392353
1.42003375e+09 -0.37176
1.42003775e+09 -0.379656
1.42004175e+09 -0.383166
1.42004575e+09 -0.374693
1.42004975e+09 -0.368278
1.42005375e+09 -0.366717
1.42005775e+09 -0.400913
1.42006175e+09 -0.390512
1.42006575e+09 -0.368921
1.42006975e+09 -0.375454
1.42007375e+09 -0.379698
1.42007775e+09 -0.3847
1.42008175e+09 -0.382888
1.42008575e+09 -0.367121
1.42008975e+09 -0.391468
1.42009375e+09 -0.380713
1.42009775e+09 -0.38791
1.42010175e+09 -0.385516
1.42010575e+09 -0.391904
1.42010975e+09 -0.36109
1.42011375e+09 -0.387689
1.42011775e+09 -0.380779
1.42012175e+09 -0.38373
1.42012575e+09 -0.375507
1.42012975e+09 -0.375023
1.42013375e+09 -0.374528
1.42013775e+09 -0.370667
1.42014175e+09 -0.377494
1.42014575e+09 -0.377029
1.42014975e+09 -0.352547
1.42015375e+09 -0.336873
1.42015775e+09 -0.348535
1.42016175e+09 -0.35934
1.42016575e+09 -0.369051
1.42016975e+09 -0.367297
1.42017375e+09 -0.377552
1.42017775e+09 -0.39299
1.42018175e+09 -0.385486
1.42018575e+09 -0.373793
1.42018975e+09 -0.366294
1.42019375e+09 -0.374829
1.42019775e+09 -0.374959
1.42020175e+09 -0.369135
1.42020575e+09 -0.37971
1.42020975e+09 -0.390748
1.42021375e+09 -0.383572
1.42021775e+09 -0.391556
1.42022175e+09 -0.382918
1.42022575e+09 -0.373502
1.42022975e+09 -0.383594
1.42023375e+09 -0.38358
1.42023775e+09 -0.388283
1.42024175e+09 -0.374406
1.42024575e+09 -0.361482
1.42024975e+09 -0.36842
1.42025375e+09 -0.385586
1.42025775e+09 -0.366826
1.42026175e+09 -0.369259
1.42026575e+09 -0.378867
1.42026975e+09 -0.376875
1.42027375e+09 -0.391475
1.42027775e+09 -0.365367
1.42028175e+09 -0.397478
1.42028575e+09 -0.38254
1.42028975e+09 -0.377091
1.42029375e+09 -0.365148
1.42029775e+09 -0.380738
1.42030175e+09 -0.368028
1.42030575e+09 -0.361628
1.42030975e+09 -0.374686
1.42031375e+09 -0.382899
1.42031775e+09 -0.372255
1.42032175e+09 -0.39163
1.42032575e+09 -0.385545
1.42032975e+09 -0.37707
1.42033375e+09 -0.384166
1.42033775e+09 -0.379124
1.42034175e+09 -0.380663
1.42034575e+09 -0.382826
1.42034975e+09 -0.368513
1.42035375e+09 -0.382545
1.42035775e+09 -0.368034
1.42036175e+09 -0.378959
1.42036575e+09 -0.380162
1.42036975e+09 -0.380958
1.42037375e+09 -0.363135
1.42037775e+09 -0.370008
1.42038175e+09 -0.380474
1.42038575e+09 -0.380861
1.42038975e+09 -0.384256
1.42039375e+09 -0.377353
1.42039775e+09 -0.376888
1.42040175e+09 -0.381312
1.42040575e+09 -0.380881
1.42040975e+09 -0.380551
1.42041375e+09 -0.372998
1.42041775e+09 -0.379672
1.42042175e+09 -0.359994
1.42042575e+09 -0.382082
1.42042975e+09 -0.38001
1.42043375e+09 -0.372189
1.42043775e+09 -0.368078
1.42044175e+09 -0.349848
1.42044575e+09 -0.347682
1.42044975e+09 -0.333128
1.42045375e+09 -0.316304
1.42045775e+09 -0.30134
1.42046175e+09 -0.276594
1.42046575e+09 -0.232169
1.42046975e+09 -0.211905
1.42047375e+09 -0.162343
1.42047775e+09 -0.0918021
1.42048175e+09 -0.0580723
1.42048575e+09 0.00839999
1.42048975e+09 0.0281949
1.42049375e+09 0.0684643
1.42049775e+09 0.0859842
1.42050175e+09 0.146649
1.42050575e+09 0.18132
1.42050975e+09 0.204351
1.42051375e+09 0.208759
1.42051775e+09 0.232117
1.42052175e+09 0.227072
1.42052575e+09 0.234744
1.42052975e+09 0.250887
1.42053375e+09 0.255096
1.42053775e+09 0.268424
1.42054175e+09 0.249208
1.42054575e+09 0.240456
1.42054975e+09 0.230312
1.42055375e+09 0.209944
1.42055775e+09 0.181167
1.42056175e+09 0.195059
1.42056575e+09 0.156366
1.42056975e+09 0.153108
1.42057375e+09 0.134972
1.42057775e+09 0.109076
1.42058175e+09 0.111681
1.42058575e+09 0.0961531
1.42058975e+09 0.0898148
1.42059375e+09 0.0742402
1.42059775e+09 0.0530406
1.42060175e+09 0.0829452
1.42060575e+09 0.0939203
1.42060975e+09 0.0897427
1.42061375e+09 0.121852
1.42061775e+09 0.126396
1.42062175e+09 0.1045
1.42062575e+09 0.0958796
1.42062975e+09 0.100677
1.42063375e+09 0.119702
1.42063775e+09 0.129589
1.42064175e+09 0.137323
1.42064575e+09 0.157073
1.42064975e+09 0.162651
1.42065375e+09 0.147908
1.42065775e+09 0.156584
1.42066175e+09 0.14871
1.42066575e+09 0.149254
1.42066975e+09 0.140816
1.42067375e+09 0.112442
1.42067775e+09 0.081194
1.42068175e+09 0.0703483
1.42068575e+09 0.066191
1.42068975e+09 0.0301053
1.42069375e+09 0.0120248
1.42069775e+09 -0.0172215
1.42070175e+09 -0.0274239
1.42070575e+09 -0.0699746
1.42070975e+09 -0.0956764
1.42071375e+09 -0.102933
1.42071775e+09 -0.129806
1.42072175e+09 -0.154526
1.42072575e+09 -0.151383
1.42072975e+09 -0.162127
1.42073375e+09 -0.189265
1.42073775e+09 -0.201278
1.42074175e+09 -0.190846
1.42074575e+09 -0.222178
1.42074975e+09 -0.251602
1.42075375e+09 -0.25442
1.42075775e+09 -0.244828
1.42076175e+09 -0.259922
1.42076575e+09 -0.278415
1.42076975e+09 -0.306644
1.42077375e+09 -0.312389
1.42077775e+09 -0.314293
1.42078175e+09 -0.331293
1.42078575e+09 -0.324274
1.42078975e+09 -0.330571
1.42079375e+09 -0.335509
1.42079775e+09 -0.326914
1.42080175e+09 -0.321757
1.42080575e+09 -0.332949
1.42080975e+09 -0.342254
1.42081375e+09 -0.345602
1.42081775e+09 -0.348454
1.42082175e+09 -0.355643
1.42082575e+09 -0.362576
1.42082975e+09 -0.340171
1.42083375e+09 -0.361409
1.42083775e+09 -0.370346
1.42084175e+09 -0.38294
1.42084575e+09 -0.37061
1.42084975e+09 -0.368885
1.42085375e+09 -0.368877
1.42085775e+09 -0.367157
1.42086175e+09 -0.366383
1.42086575e+09 -0.369542
1.42086975e+09 -0.355872
1.42087375e+09 -0.367247
1.42087775e+09 -0.344694
1.42088175e+09 -0.350594
1.42088575e+09 -0.36718
1.42088975e+09 -0.381855
1.42089375e+09 -0.357524
1.42089775e+09 -0.370989
1.42090175e+09 -0.370726
1.42090575e+09 -0.380552
1.42090975e+09 -0.376765
1.42091375e+09 -0.356466
1.42091775e+09 -0.365196
1.42092175e+09 -0.371934
1.42092575e+09 -0.362567
1.42092975e+09 -0.336264
1.42093375e+09 -0.339985
1.42093775e+09 -0.368755
1.42094175e+09 -0.37637
1.42094575e+09 -0.377303
1.42094975e+09 -0.393684
1.42095375e+09 -0.373858
1.42095775e+09 -0.38406
1.42096175e+09 -0.367603
1.42096575e+09 -0.375002
1.42096975e+09 -0.376485
1.42097375e+09 -0.376257
1.42097775e+09 -0.401869
1.42098175e+09 -0.385095
1.42098575e+09 -0.379625
1.42098975e+09 -0.377424
1.42099375e+09 -0.384208
1.42099775e+09 -0.38466
1.42100175e+09 -0.378753
1.42100575e+09 -0.372356
1.42100975e+09 -0.367446
1.42101375e+09 -0.390433
1.42101775e+09 -0.371355
1.42102175e+09 -0.381428
1.42102575e+09 -0.387854
1.42102975e+09 -0.38786
1.42103375e+09 -0.38884
1.42103775e+09 -0.393291
1.42104175e+09 -0.375586
1.42104575e+09 -0.388169
1.42104975e+09 -0.372408
1.42105375e+09 -0.377992
1.42105775e+09 -0.364208
1.42106175e+09 -0.370999
1.42106575e+09 -0.361276
1.42106975e+09 -0.346696
1.42107375e+09 -0.329613
1.42107775e+09 -0.306848
1.42108175e+09 -0.329841
1.42108575e+09 -0.373176
1.42108975e+09 -0.369899
1.42109375e+09 -0.375812
1.42109775e+09 -0.382844
1.42110175e+09 -0.379574
1.42110575e+09 -0.395631
1.42110975e+09 -0.376227
1.42111375e+09 -0.371796
1.42111775e+09 -0.377944
1.42112175e+09 -0.388449
1.42112575e+09 -0.373641
1.42112975e+09 -0.365746
1.42113375e+09 -0.391816
1.42113775e+09 -0.37909
1.42114175e+09 -0.375405
1.42114575e+09 -0.392904
1.42114975e+09 -0.359992
1.42115375e+09 -0.392322
1.42115775e+09 -0.382271
1.42116175e+09 -0.395634
1.42116575e+09 -0.379119
1.42116975e+09 -0.384022
1.42117375e+09 -0.384918
1.42117775e+09 -0.373135
1.42118175e+09 -0.386687
1.42118575e+09 -0.393115
1.42118975e+09 -0.376427
1.42119375e+09 -0.383388
1.42119775e+09 -0.375294
1.42120175e+09 -0.37367
1.42120575e+09 -0.3873
1.42120975e+09 -0.365196
1.42121375e+09 -0.363986
1.42121775e+09 -0.358446
1.42122175e+09 -0.363731
1.42122575e+09 -0.368764
1.42122975e+09 -0.365054
1.42123375e+09 -0.390176
1.42123775e+09 -0.353525
1.42124175e+09 -0.372204
1.42124575e+09 -0.370725
1.42124975e+09 -0.378482
1.42125375e+09 -0.377819
1.42125775e+09 -0.379447
1.42126175e+09 -0.362761
1.42126575e+09 -0.382801
1.42126975e+09 -0.364842
1.42127375e+09 -0.350031
1.42127775e+09 -0.357405
1.42128175e+09 -0.363881
1.42128575e+09 -0.37109
1.42128975e+09 -0.377446
1.42129375e+09 -0.357838
1.42129775e+09 -0.352788
1.42130175e+09 -0.375464
1.42130575e+09 -0.371464
1.42130975e+09 -0.358495
1.42131375e+09 -0.368816
1.42131775e+09 -0.360723
1.42132175e+09 -0.354885
1.42132575e+09 -0.363145
1.42132975e+09 -0.359503
1.42133375e+09 -0.361809
1.42133775e+09 -0.366724
1.42134175e+09 -0.351073
1.42134575e+09 -0.364265
1.42134975e+09 -0.369799
1.42135375e+09 -0.365158
1.42135775e+09 -0.367299
1.42136175e+09 -0.378067
1.42136575e+09 -0.367577
1.42136975e+09 -0.354192
1.42137375e+09 -0.371946
1.42137775e+09 -0.372707
1.42138175e+09 -0.369491
1.42138575e+09 -0.382613
1.42138975e+09 -0.35409
1.42139375e+09 -0.367671
1.42139775e+09 -0.358162
1.42140175e+09 -0.362579


