# rtl-power-fftw output
# galactisch: 164
# antenne: 268-60
# dark: dark20170925063727
# data: A164_20170925071440
# -b: 500
# -t: 150
# -g: 300
# -p: 0
# Acquisition start: 2017-09-25 07:14:41 UTC
# Acquisition end: 2017-09-25 07:17:13 UTC
#
# frequency [Hz] power spectral density [dB/Hz]

.41940575e+09 -0.826719
1.41940975e+09 -0.835378
1.41941375e+09 -0.853185

1.41940575e+09 -0.331143
1.41940975e+09 -0.329758
1.41941375e+09 -0.345665
1.41941775e+09 -0.346694
1.41942175e+09 -0.333864
1.41942575e+09 -0.347056
1.41942975e+09 -0.347726
1.41943375e+09 -0.34907
1.41943775e+09 -0.359199
1.41944175e+09 -0.342512
1.41944575e+09 -0.353035
1.41944975e+09 -0.355107
1.41945375e+09 -0.354342
1.41945775e+09 -0.356489
1.41946175e+09 -0.374185
1.41946575e+09 -0.3556
1.41946975e+09 -0.337575
1.41947375e+09 -0.350679
1.41947775e+09 -0.351282
1.41948175e+09 -0.362163
1.41948575e+09 -0.370394
1.41948975e+09 -0.359169
1.41949375e+09 -0.35364
1.41949775e+09 -0.349139
1.41950175e+09 -0.343627
1.41950575e+09 -0.340183
1.41950975e+09 -0.344034
1.41951375e+09 -0.335066
1.41951775e+09 -0.349946
1.41952175e+09 -0.357612
1.41952575e+09 -0.335619
1.41952975e+09 -0.325517
1.41953375e+09 -0.326268
1.41953775e+09 -0.322517
1.41954175e+09 -0.331448
1.41954575e+09 -0.327272
1.41954975e+09 -0.341893
1.41955375e+09 -0.331062
1.41955775e+09 -0.323183
1.41956175e+09 -0.338316
1.41956575e+09 -0.32453
1.41956975e+09 -0.339859
1.41957375e+09 -0.333023
1.41957775e+09 -0.320838
1.41958175e+09 -0.324804
1.41958575e+09 -0.327808
1.41958975e+09 -0.330119
1.41959375e+09 -0.32702
1.41959775e+09 -0.331601
1.41960175e+09 -0.326286
1.41960575e+09 -0.330737
1.41960975e+09 -0.333213
1.41961375e+09 -0.333649
1.41961775e+09 -0.332691
1.41962175e+09 -0.333295
1.41962575e+09 -0.335614
1.41962975e+09 -0.315577
1.41963375e+09 -0.325096
1.41963775e+09 -0.344435
1.41964175e+09 -0.329304
1.41964575e+09 -0.324193
1.41964975e+09 -0.33084
1.41965375e+09 -0.326637
1.41965775e+09 -0.316505
1.41966175e+09 -0.338557
1.41966575e+09 -0.32446
1.41966975e+09 -0.332621
1.41967375e+09 -0.325957
1.41967775e+09 -0.318558
1.41968175e+09 -0.329655
1.41968575e+09 -0.314608
1.41968975e+09 -0.309845
1.41969375e+09 -0.308812
1.41969775e+09 -0.316902
1.41970175e+09 -0.319229
1.41970575e+09 -0.312019
1.41970975e+09 -0.328881
1.41971375e+09 -0.33394
1.41971775e+09 -0.331439
1.41972175e+09 -0.332349
1.41972575e+09 -0.334805
1.41972975e+09 -0.323103
1.41973375e+09 -0.31273
1.41973775e+09 -0.337855
1.41974175e+09 -0.324627
1.41974575e+09 -0.330288
1.41974975e+09 -0.340828
1.41975375e+09 -0.335208
1.41975775e+09 -0.341274
1.41976175e+09 -0.332018
1.41976575e+09 -0.342361
1.41976975e+09 -0.321885
1.41977375e+09 -0.338607
1.41977775e+09 -0.328523
1.41978175e+09 -0.324828
1.41978575e+09 -0.319676
1.41978975e+09 -0.331093
1.41979375e+09 -0.325138
1.41979775e+09 -0.326216
1.41980175e+09 -0.331897
1.41980575e+09 -0.324747
1.41980975e+09 -0.333268
1.41981375e+09 -0.326706
1.41981775e+09 -0.342654
1.41982175e+09 -0.330974
1.41982575e+09 -0.333183
1.41982975e+09 -0.331546
1.41983375e+09 -0.347275
1.41983775e+09 -0.334839
1.41984175e+09 -0.329681
1.41984575e+09 -0.341698
1.41984975e+09 -0.316829
1.41985375e+09 -0.331079
1.41985775e+09 -0.323383
1.41986175e+09 -0.342413
1.41986575e+09 -0.33446
1.41986975e+09 -0.329327
1.41987375e+09 -0.339585
1.41987775e+09 -0.326076
1.41988175e+09 -0.321424
1.41988575e+09 -0.334935
1.41988975e+09 -0.314899
1.41989375e+09 -0.324321
1.41989775e+09 -0.331907
1.41990175e+09 -0.344108
1.41990575e+09 -0.32806
1.41990975e+09 -0.312346
1.41991375e+09 -0.351979
1.41991775e+09 -0.342236
1.41992175e+09 -0.328463
1.41992575e+09 -0.336019
1.41992975e+09 -0.319846
1.41993375e+09 -0.345585
1.41993775e+09 -0.340791
1.41994175e+09 -0.331952
1.41994575e+09 -0.327531
1.41994975e+09 -0.333374
1.41995375e+09 -0.323766
1.41995775e+09 -0.333488
1.41996175e+09 -0.337341
1.41996575e+09 -0.332232
1.41996975e+09 -0.326114
1.41997375e+09 -0.326861
1.41997775e+09 -0.322826
1.41998175e+09 -0.338976
1.41998575e+09 -0.331836
1.41998975e+09 -0.322765
1.41999375e+09 -0.326536
1.41999775e+09 -0.323307
1.42000175e+09 -0.306792
1.42000575e+09 -0.323184
1.42000975e+09 -0.327101
1.42001375e+09 -0.332413
1.42001775e+09 -0.334992
1.42002175e+09 -0.337742
1.42002575e+09 -0.324474
1.42002975e+09 -0.336183
1.42003375e+09 -0.313586
1.42003775e+09 -0.325639
1.42004175e+09 -0.332989
1.42004575e+09 -0.338437
1.42004975e+09 -0.32161
1.42005375e+09 -0.32544
1.42005775e+09 -0.356307
1.42006175e+09 -0.334878
1.42006575e+09 -0.326028
1.42006975e+09 -0.334269
1.42007375e+09 -0.337065
1.42007775e+09 -0.337223
1.42008175e+09 -0.338584
1.42008575e+09 -0.331817
1.42008975e+09 -0.333619
1.42009375e+09 -0.353403
1.42009775e+09 -0.341756
1.42010175e+09 -0.327734
1.42010575e+09 -0.339561
1.42010975e+09 -0.326326
1.42011375e+09 -0.335995
1.42011775e+09 -0.333014
1.42012175e+09 -0.334964
1.42012575e+09 -0.33222
1.42012975e+09 -0.329708
1.42013375e+09 -0.3328
1.42013775e+09 -0.331767
1.42014175e+09 -0.340108
1.42014575e+09 -0.318012
1.42014975e+09 -0.313298
1.42015375e+09 -0.298916
1.42015775e+09 -0.311885
1.42016175e+09 -0.318971
1.42016575e+09 -0.323611
1.42016975e+09 -0.328604
1.42017375e+09 -0.330152
1.42017775e+09 -0.34802
1.42018175e+09 -0.335317
1.42018575e+09 -0.337943
1.42018975e+09 -0.32324
1.42019375e+09 -0.333933
1.42019775e+09 -0.327755
1.42020175e+09 -0.330579
1.42020575e+09 -0.339995
1.42020975e+09 -0.338682
1.42021375e+09 -0.358358
1.42021775e+09 -0.349387
1.42022175e+09 -0.334634
1.42022575e+09 -0.334369
1.42022975e+09 -0.347987
1.42023375e+09 -0.337791
1.42023775e+09 -0.334904
1.42024175e+09 -0.337695
1.42024575e+09 -0.333519
1.42024975e+09 -0.316787
1.42025375e+09 -0.342667
1.42025775e+09 -0.328089
1.42026175e+09 -0.331064
1.42026575e+09 -0.339828
1.42026975e+09 -0.332057
1.42027375e+09 -0.325385
1.42027775e+09 -0.321836
1.42028175e+09 -0.355355
1.42028575e+09 -0.327545
1.42028975e+09 -0.329078
1.42029375e+09 -0.329669
1.42029775e+09 -0.328182
1.42030175e+09 -0.3208
1.42030575e+09 -0.308993
1.42030975e+09 -0.314526
1.42031375e+09 -0.325782
1.42031775e+09 -0.330865
1.42032175e+09 -0.337593
1.42032575e+09 -0.317722
1.42032975e+09 -0.330138
1.42033375e+09 -0.335272
1.42033775e+09 -0.327616
1.42034175e+09 -0.317709
1.42034575e+09 -0.334724
1.42034975e+09 -0.328481
1.42035375e+09 -0.335085
1.42035775e+09 -0.327561
1.42036175e+09 -0.330301
1.42036575e+09 -0.324432
1.42036975e+09 -0.333778
1.42037375e+09 -0.324848
1.42037775e+09 -0.328079
1.42038175e+09 -0.329725
1.42038575e+09 -0.337787
1.42038975e+09 -0.337306
1.42039375e+09 -0.347486
1.42039775e+09 -0.330351
1.42040175e+09 -0.340964
1.42040575e+09 -0.337373
1.42040975e+09 -0.333887
1.42041375e+09 -0.308703
1.42041775e+09 -0.316343
1.42042175e+09 -0.299933
1.42042575e+09 -0.328726
1.42042975e+09 -0.312766
1.42043375e+09 -0.324903
1.42043775e+09 -0.301498
1.42044175e+09 -0.2998
1.42044575e+09 -0.287641
1.42044975e+09 -0.258377
1.42045375e+09 -0.247987
1.42045775e+09 -0.222847
1.42046175e+09 -0.197067
1.42046575e+09 -0.141673
1.42046975e+09 -0.100735
1.42047375e+09 -0.0804159
1.42047775e+09 -0.0212232
1.42048175e+09 0.0143861
1.42048575e+09 0.0401275
1.42048975e+09 0.0709373
1.42049375e+09 0.12976
1.42049775e+09 0.138053
1.42050175e+09 0.201897
1.42050575e+09 0.245935
1.42050975e+09 0.254281
1.42051375e+09 0.262894
1.42051775e+09 0.273261
1.42052175e+09 0.272404
1.42052575e+09 0.275584
1.42052975e+09 0.270163
1.42053375e+09 0.272385
1.42053775e+09 0.29037
1.42054175e+09 0.269874
1.42054575e+09 0.273624
1.42054975e+09 0.277775
1.42055375e+09 0.285697
1.42055775e+09 0.277657
1.42056175e+09 0.268426
1.42056575e+09 0.27176
1.42056975e+09 0.263791
1.42057375e+09 0.261809
1.42057775e+09 0.222212
1.42058175e+09 0.257479
1.42058575e+09 0.2308
1.42058975e+09 0.210038
1.42059375e+09 0.214182
1.42059775e+09 0.18429
1.42060175e+09 0.208837
1.42060575e+09 0.209043
1.42060975e+09 0.225058
1.42061375e+09 0.243369
1.42061775e+09 0.238045
1.42062175e+09 0.200058
1.42062575e+09 0.205649
1.42062975e+09 0.203629
1.42063375e+09 0.196774
1.42063775e+09 0.180708
1.42064175e+09 0.172413
1.42064575e+09 0.178861
1.42064975e+09 0.169675
1.42065375e+09 0.149467
1.42065775e+09 0.126016
1.42066175e+09 0.127303
1.42066575e+09 0.0994633
1.42066975e+09 0.091635
1.42067375e+09 0.0670892
1.42067775e+09 0.0270652
1.42068175e+09 0.0122971
1.42068575e+09 -0.00301128
1.42068975e+09 -0.0374356
1.42069375e+09 -0.061219
1.42069775e+09 -0.0790031
1.42070175e+09 -0.0971177
1.42070575e+09 -0.124137
1.42070975e+09 -0.143903
1.42071375e+09 -0.164988
1.42071775e+09 -0.188833
1.42072175e+09 -0.1967
1.42072575e+09 -0.192184
1.42072975e+09 -0.216838
1.42073375e+09 -0.230424
1.42073775e+09 -0.240632
1.42074175e+09 -0.221141
1.42074575e+09 -0.251855
1.42074975e+09 -0.265186
1.42075375e+09 -0.266609
1.42075775e+09 -0.257356
1.42076175e+09 -0.27433
1.42076575e+09 -0.268847
1.42076975e+09 -0.287647
1.42077375e+09 -0.293533
1.42077775e+09 -0.295884
1.42078175e+09 -0.300238
1.42078575e+09 -0.29085
1.42078975e+09 -0.293465
1.42079375e+09 -0.291692
1.42079775e+09 -0.285524
1.42080175e+09 -0.2949
1.42080575e+09 -0.297535
1.42080975e+09 -0.307421
1.42081375e+09 -0.312189
1.42081775e+09 -0.314109
1.42082175e+09 -0.315848
1.42082575e+09 -0.334267
1.42082975e+09 -0.306357
1.42083375e+09 -0.324005
1.42083775e+09 -0.324558
1.42084175e+09 -0.33488
1.42084575e+09 -0.331508
1.42084975e+09 -0.320138
1.42085375e+09 -0.331466
1.42085775e+09 -0.332389
1.42086175e+09 -0.320437
1.42086575e+09 -0.331171
1.42086975e+09 -0.310742
1.42087375e+09 -0.327815
1.42087775e+09 -0.310537
1.42088175e+09 -0.320105
1.42088575e+09 -0.326353
1.42088975e+09 -0.335678
1.42089375e+09 -0.339244
1.42089775e+09 -0.329585
1.42090175e+09 -0.342049
1.42090575e+09 -0.332101
1.42090975e+09 -0.330275
1.42091375e+09 -0.331237
1.42091775e+09 -0.317484
1.42092175e+09 -0.322156
1.42092575e+09 -0.310022
1.42092975e+09 -0.30794
1.42093375e+09 -0.299689
1.42093775e+09 -0.320572
1.42094175e+09 -0.332965
1.42094575e+09 -0.337788
1.42094975e+09 -0.342117
1.42095375e+09 -0.347394
1.42095775e+09 -0.329955
1.42096175e+09 -0.323159
1.42096575e+09 -0.337165
1.42096975e+09 -0.343987
1.42097375e+09 -0.319734
1.42097775e+09 -0.35126
1.42098175e+09 -0.336464
1.42098575e+09 -0.333557
1.42098975e+09 -0.335862
1.42099375e+09 -0.332504
1.42099775e+09 -0.32848
1.42100175e+09 -0.328485
1.42100575e+09 -0.34687
1.42100975e+09 -0.32194
1.42101375e+09 -0.324947
1.42101775e+09 -0.339027
1.42102175e+09 -0.326876
1.42102575e+09 -0.341892
1.42102975e+09 -0.34833
1.42103375e+09 -0.340546
1.42103775e+09 -0.339705
1.42104175e+09 -0.334896
1.42104575e+09 -0.342156
1.42104975e+09 -0.334364
1.42105375e+09 -0.34004
1.42105775e+09 -0.327917
1.42106175e+09 -0.316317
1.42106575e+09 -0.31617
1.42106975e+09 -0.307357
1.42107375e+09 -0.280803
1.42107775e+09 -0.279317
1.42108175e+09 -0.288103
1.42108575e+09 -0.324376
1.42108975e+09 -0.321632
1.42109375e+09 -0.323681
1.42109775e+09 -0.334194
1.42110175e+09 -0.32786
1.42110575e+09 -0.338291
1.42110975e+09 -0.32817
1.42111375e+09 -0.331072
1.42111775e+09 -0.335186
1.42112175e+09 -0.325987
1.42112575e+09 -0.325528
1.42112975e+09 -0.327695
1.42113375e+09 -0.336402
1.42113775e+09 -0.329637
1.42114175e+09 -0.328625
1.42114575e+09 -0.34463
1.42114975e+09 -0.312278
1.42115375e+09 -0.343492
1.42115775e+09 -0.341142
1.42116175e+09 -0.324809
1.42116575e+09 -0.335589
1.42116975e+09 -0.32655
1.42117375e+09 -0.334765
1.42117775e+09 -0.326443
1.42118175e+09 -0.328381
1.42118575e+09 -0.345811
1.42118975e+09 -0.332308
1.42119375e+09 -0.338198
1.42119775e+09 -0.332548
1.42120175e+09 -0.325608
1.42120575e+09 -0.331654
1.42120975e+09 -0.318208
1.42121375e+09 -0.32536
1.42121775e+09 -0.308738
1.42122175e+09 -0.304288
1.42122575e+09 -0.327117
1.42122975e+09 -0.339192
1.42123375e+09 -0.340916
1.42123775e+09 -0.312948
1.42124175e+09 -0.329017
1.42124575e+09 -0.320045
1.42124975e+09 -0.325228
1.42125375e+09 -0.326962
1.42125775e+09 -0.334595
1.42126175e+09 -0.309278
1.42126575e+09 -0.339406
1.42126975e+09 -0.326903
1.42127375e+09 -0.311522
1.42127775e+09 -0.308076
1.42128175e+09 -0.316554
1.42128575e+09 -0.323479
1.42128975e+09 -0.332307
1.42129375e+09 -0.318934
1.42129775e+09 -0.307403
1.42130175e+09 -0.314754
1.42130575e+09 -0.328078
1.42130975e+09 -0.323979
1.42131375e+09 -0.322611
1.42131775e+09 -0.318738
1.42132175e+09 -0.307336
1.42132575e+09 -0.321771
1.42132975e+09 -0.310598
1.42133375e+09 -0.307764
1.42133775e+09 -0.313344
1.42134175e+09 -0.306435
1.42134575e+09 -0.32287
1.42134975e+09 -0.315742
1.42135375e+09 -0.316221
1.42135775e+09 -0.323186
1.42136175e+09 -0.328938
1.42136575e+09 -0.308204
1.42136975e+09 -0.317304
1.42137375e+09 -0.326584
1.42137775e+09 -0.324256
1.42138175e+09 -0.313427
1.42138575e+09 -0.333693
1.42138975e+09 -0.303336
1.42139375e+09 -0.307058
1.42139775e+09 -0.322489
1.42140175e+09 -0.318114


