# rtl-power-fftw output
# galactisch: 168
# antenne: 261-59
# dark: dark20170925063727
# data: A168_20170925071925
# -b: 500
# -t: 150
# -g: 300
# -p: 0
# Acquisition start: 2017-09-25 07:19:26 UTC
# Acquisition end: 2017-09-25 07:21:57 UTC
#
# frequency [Hz] power spectral density [dB/Hz]
1.41940575e+09 -0.430918
1.41940975e+09 -0.438152
1.41941375e+09 -0.452566
1.41941775e+09 -0.437767
1.41942175e+09 -0.446779
1.41942575e+09 -0.451186
1.41942975e+09 -0.454669
1.41943375e+09 -0.43753
1.41943775e+09 -0.448801
1.41944175e+09 -0.435257
1.41944575e+09 -0.439375
1.41944975e+09 -0.449339
1.41945375e+09 -0.44821
1.41945775e+09 -0.443736
1.41946175e+09 -0.454643
1.41946575e+09 -0.443694
1.41946975e+09 -0.442381
1.41947375e+09 -0.434873
1.41947775e+09 -0.431567
1.41948175e+09 -0.436137
1.41948575e+09 -0.429686
1.41948975e+09 -0.427392
1.41949375e+09 -0.43005
1.41949775e+09 -0.427423
1.41950175e+09 -0.429576
1.41950575e+09 -0.413496
1.41950975e+09 -0.409427
1.41951375e+09 -0.407202
1.41951775e+09 -0.424119
1.41952175e+09 -0.419989
1.41952575e+09 -0.406331
1.41952975e+09 -0.392362
1.41953375e+09 -0.389146
1.41953775e+09 -0.379452
1.41954175e+09 -0.391199
1.41954575e+09 -0.397435
1.41954975e+09 -0.395052
1.41955375e+09 -0.397335
1.41955775e+09 -0.400682
1.41956175e+09 -0.389381
1.41956575e+09 -0.381319
1.41956975e+09 -0.404663
1.41957375e+09 -0.397444
1.41957775e+09 -0.397956
1.41958175e+09 -0.398267
1.41958575e+09 -0.400134
1.41958975e+09 -0.392892
1.41959375e+09 -0.404659
1.41959775e+09 -0.401916
1.41960175e+09 -0.397043
1.41960575e+09 -0.40255
1.41960975e+09 -0.386355
1.41961375e+09 -0.416945
1.41961775e+09 -0.388488
1.41962175e+09 -0.401925
1.41962575e+09 -0.394091
1.41962975e+09 -0.380758
1.41963375e+09 -0.40358
1.41963775e+09 -0.401236
1.41964175e+09 -0.381748
1.41964575e+09 -0.381436
1.41964975e+09 -0.406654
1.41965375e+09 -0.391539
1.41965775e+09 -0.390793
1.41966175e+09 -0.400424
1.41966575e+09 -0.399035
1.41966975e+09 -0.399264
1.41967375e+09 -0.400212
1.41967775e+09 -0.393362
1.41968175e+09 -0.397088
1.41968575e+09 -0.375426
1.41968975e+09 -0.366696
1.41969375e+09 -0.361226
1.41969775e+09 -0.372966
1.41970175e+09 -0.389412
1.41970575e+09 -0.399952
1.41970975e+09 -0.397672
1.41971375e+09 -0.412228
1.41971775e+09 -0.407112
1.41972175e+09 -0.400205
1.41972575e+09 -0.420885
1.41972975e+09 -0.383583
1.41973375e+09 -0.397333
1.41973775e+09 -0.414956
1.41974175e+09 -0.402259
1.41974575e+09 -0.396047
1.41974975e+09 -0.416967
1.41975375e+09 -0.410484
1.41975775e+09 -0.402902
1.41976175e+09 -0.411131
1.41976575e+09 -0.404596
1.41976975e+09 -0.39879
1.41977375e+09 -0.412096
1.41977775e+09 -0.399853
1.41978175e+09 -0.404395
1.41978575e+09 -0.41547
1.41978975e+09 -0.417709
1.41979375e+09 -0.405843
1.41979775e+09 -0.402356
1.41980175e+09 -0.401754
1.41980575e+09 -0.406269
1.41980975e+09 -0.401403
1.41981375e+09 -0.418861
1.41981775e+09 -0.413298
1.41982175e+09 -0.408657
1.41982575e+09 -0.410848
1.41982975e+09 -0.413232
1.41983375e+09 -0.423719
1.41983775e+09 -0.406542
1.41984175e+09 -0.398913
1.41984575e+09 -0.390804
1.41984975e+09 -0.389473
1.41985375e+09 -0.397858
1.41985775e+09 -0.415898
1.41986175e+09 -0.406971
1.41986575e+09 -0.409604
1.41986975e+09 -0.411037
1.41987375e+09 -0.40275
1.41987775e+09 -0.393673
1.41988175e+09 -0.40268
1.41988575e+09 -0.416832
1.41988975e+09 -0.392211
1.41989375e+09 -0.406049
1.41989775e+09 -0.417875
1.41990175e+09 -0.421923
1.41990575e+09 -0.409392
1.41990975e+09 -0.39456
1.41991375e+09 -0.420748
1.41991775e+09 -0.415268
1.41992175e+09 -0.408172
1.41992575e+09 -0.410997
1.41992975e+09 -0.404747
1.41993375e+09 -0.426356
1.41993775e+09 -0.424804
1.41994175e+09 -0.421141
1.41994575e+09 -0.41118
1.41994975e+09 -0.401721
1.41995375e+09 -0.411906
1.41995775e+09 -0.416053
1.41996175e+09 -0.415131
1.41996575e+09 -0.417256
1.41996975e+09 -0.423319
1.41997375e+09 -0.420187
1.41997775e+09 -0.408881
1.41998175e+09 -0.415301
1.41998575e+09 -0.405516
1.41998975e+09 -0.409863
1.41999375e+09 -0.398042
1.41999775e+09 -0.390623
1.42000175e+09 -0.383215
1.42000575e+09 -0.396011
1.42000975e+09 -0.406453
1.42001375e+09 -0.416937
1.42001775e+09 -0.429389
1.42002175e+09 -0.415365
1.42002575e+09 -0.402319
1.42002975e+09 -0.413578
1.42003375e+09 -0.413661
1.42003775e+09 -0.419394
1.42004175e+09 -0.405413
1.42004575e+09 -0.411926
1.42004975e+09 -0.409357
1.42005375e+09 -0.404171
1.42005775e+09 -0.439254
1.42006175e+09 -0.425475
1.42006575e+09 -0.398237
1.42006975e+09 -0.40729
1.42007375e+09 -0.412251
1.42007775e+09 -0.433749
1.42008175e+09 -0.437756
1.42008575e+09 -0.41586
1.42008975e+09 -0.428229
1.42009375e+09 -0.429446
1.42009775e+09 -0.423137
1.42010175e+09 -0.410376
1.42010575e+09 -0.421729
1.42010975e+09 -0.414029
1.42011375e+09 -0.427682
1.42011775e+09 -0.425717
1.42012175e+09 -0.406197
1.42012575e+09 -0.41884
1.42012975e+09 -0.412308
1.42013375e+09 -0.417488
1.42013775e+09 -0.407546
1.42014175e+09 -0.410682
1.42014575e+09 -0.406398
1.42014975e+09 -0.385455
1.42015375e+09 -0.363272
1.42015775e+09 -0.381612
1.42016175e+09 -0.396449
1.42016575e+09 -0.410164
1.42016975e+09 -0.415736
1.42017375e+09 -0.422631
1.42017775e+09 -0.430124
1.42018175e+09 -0.427004
1.42018575e+09 -0.413666
1.42018975e+09 -0.414634
1.42019375e+09 -0.428172
1.42019775e+09 -0.426163
1.42020175e+09 -0.423462
1.42020575e+09 -0.434735
1.42020975e+09 -0.416345
1.42021375e+09 -0.449542
1.42021775e+09 -0.424163
1.42022175e+09 -0.424445
1.42022575e+09 -0.422221
1.42022975e+09 -0.433114
1.42023375e+09 -0.437784
1.42023775e+09 -0.430423
1.42024175e+09 -0.434121
1.42024575e+09 -0.418013
1.42024975e+09 -0.391294
1.42025375e+09 -0.437962
1.42025775e+09 -0.421082
1.42026175e+09 -0.42974
1.42026575e+09 -0.425067
1.42026975e+09 -0.410616
1.42027375e+09 -0.424138
1.42027775e+09 -0.410313
1.42028175e+09 -0.438488
1.42028575e+09 -0.431502
1.42028975e+09 -0.427011
1.42029375e+09 -0.418515
1.42029775e+09 -0.422294
1.42030175e+09 -0.419364
1.42030575e+09 -0.40447
1.42030975e+09 -0.418445
1.42031375e+09 -0.428528
1.42031775e+09 -0.426966
1.42032175e+09 -0.425514
1.42032575e+09 -0.42842
1.42032975e+09 -0.428968
1.42033375e+09 -0.431154
1.42033775e+09 -0.42267
1.42034175e+09 -0.423511
1.42034575e+09 -0.430872
1.42034975e+09 -0.432217
1.42035375e+09 -0.434391
1.42035775e+09 -0.425243
1.42036175e+09 -0.42978
1.42036575e+09 -0.409328
1.42036975e+09 -0.434506
1.42037375e+09 -0.431139
1.42037775e+09 -0.429828
1.42038175e+09 -0.435288
1.42038575e+09 -0.425566
1.42038975e+09 -0.442151
1.42039375e+09 -0.429431
1.42039775e+09 -0.431011
1.42040175e+09 -0.434755
1.42040575e+09 -0.435592
1.42040975e+09 -0.43653
1.42041375e+09 -0.414124
1.42041775e+09 -0.413995
1.42042175e+09 -0.399808
1.42042575e+09 -0.413931
1.42042975e+09 -0.410634
1.42043375e+09 -0.401295
1.42043775e+09 -0.388609
1.42044175e+09 -0.375802
1.42044575e+09 -0.369077
1.42044975e+09 -0.329213
1.42045375e+09 -0.314155
1.42045775e+09 -0.282633
1.42046175e+09 -0.25217
1.42046575e+09 -0.196071
1.42046975e+09 -0.141546
1.42047375e+09 -0.116861
1.42047775e+09 -0.076828
1.42048175e+09 -0.0601791
1.42048575e+09 -0.0164542
1.42048975e+09 0.0263277
1.42049375e+09 0.0604769
1.42049775e+09 0.0855332
1.42050175e+09 0.12246
1.42050575e+09 0.152915
1.42050975e+09 0.172563
1.42051375e+09 0.174495
1.42051775e+09 0.180005
1.42052175e+09 0.179749
1.42052575e+09 0.198835
1.42052975e+09 0.204155
1.42053375e+09 0.200401
1.42053775e+09 0.221956
1.42054175e+09 0.234024
1.42054575e+09 0.230348
1.42054975e+09 0.244142
1.42055375e+09 0.252685
1.42055775e+09 0.247198
1.42056175e+09 0.239593
1.42056575e+09 0.226856
1.42056975e+09 0.220718
1.42057375e+09 0.197726
1.42057775e+09 0.188543
1.42058175e+09 0.191875
1.42058575e+09 0.183508
1.42058975e+09 0.162657
1.42059375e+09 0.143467
1.42059775e+09 0.123952
1.42060175e+09 0.137367
1.42060575e+09 0.127859
1.42060975e+09 0.136458
1.42061375e+09 0.130014
1.42061775e+09 0.12102
1.42062175e+09 0.0665324
1.42062575e+09 0.0393425
1.42062975e+09 0.0218304
1.42063375e+09 0.0094666
1.42063775e+09 -0.0359786
1.42064175e+09 -0.035889
1.42064575e+09 -0.0489781
1.42064975e+09 -0.0687561
1.42065375e+09 -0.098789
1.42065775e+09 -0.125387
1.42066175e+09 -0.150524
1.42066575e+09 -0.177667
1.42066975e+09 -0.184825
1.42067375e+09 -0.212327
1.42067775e+09 -0.24417
1.42068175e+09 -0.250518
1.42068575e+09 -0.259163
1.42068975e+09 -0.284965
1.42069375e+09 -0.292379
1.42069775e+09 -0.301029
1.42070175e+09 -0.318867
1.42070575e+09 -0.336643
1.42070975e+09 -0.346611
1.42071375e+09 -0.35622
1.42071775e+09 -0.377231
1.42072175e+09 -0.394906
1.42072575e+09 -0.370093
1.42072975e+09 -0.400711
1.42073375e+09 -0.400419
1.42073775e+09 -0.408435
1.42074175e+09 -0.395428
1.42074575e+09 -0.422834
1.42074975e+09 -0.427892
1.42075375e+09 -0.411136
1.42075775e+09 -0.415402
1.42076175e+09 -0.40828
1.42076575e+09 -0.420007
1.42076975e+09 -0.420573
1.42077375e+09 -0.429447
1.42077775e+09 -0.426496
1.42078175e+09 -0.433159
1.42078575e+09 -0.420154
1.42078975e+09 -0.423485
1.42079375e+09 -0.425823
1.42079775e+09 -0.42159
1.42080175e+09 -0.428286
1.42080575e+09 -0.424338
1.42080975e+09 -0.434588
1.42081375e+09 -0.44414
1.42081775e+09 -0.436425
1.42082175e+09 -0.432273
1.42082575e+09 -0.45321
1.42082975e+09 -0.437922
1.42083375e+09 -0.451576
1.42083775e+09 -0.442427
1.42084175e+09 -0.461265
1.42084575e+09 -0.454548
1.42084975e+09 -0.44296
1.42085375e+09 -0.460456
1.42085775e+09 -0.450605
1.42086175e+09 -0.455366
1.42086575e+09 -0.455911
1.42086975e+09 -0.4355
1.42087375e+09 -0.449123
1.42087775e+09 -0.448252
1.42088175e+09 -0.445504
1.42088575e+09 -0.453407
1.42088975e+09 -0.447829
1.42089375e+09 -0.455365
1.42089775e+09 -0.459559
1.42090175e+09 -0.464705
1.42090575e+09 -0.454184
1.42090975e+09 -0.461956
1.42091375e+09 -0.449907
1.42091775e+09 -0.446732
1.42092175e+09 -0.464361
1.42092575e+09 -0.43592
1.42092975e+09 -0.412406
1.42093375e+09 -0.422853
1.42093775e+09 -0.452977
1.42094175e+09 -0.449184
1.42094575e+09 -0.451206
1.42094975e+09 -0.461343
1.42095375e+09 -0.453134
1.42095775e+09 -0.460424
1.42096175e+09 -0.452035
1.42096575e+09 -0.450185
1.42096975e+09 -0.463971
1.42097375e+09 -0.454777
1.42097775e+09 -0.473583
1.42098175e+09 -0.464306
1.42098575e+09 -0.455414
1.42098975e+09 -0.46285
1.42099375e+09 -0.446829
1.42099775e+09 -0.452012
1.42100175e+09 -0.456644
1.42100575e+09 -0.466498
1.42100975e+09 -0.444927
1.42101375e+09 -0.460694
1.42101775e+09 -0.463536
1.42102175e+09 -0.45434
1.42102575e+09 -0.463928
1.42102975e+09 -0.467538
1.42103375e+09 -0.466801
1.42103775e+09 -0.472529
1.42104175e+09 -0.453807
1.42104575e+09 -0.470023
1.42104975e+09 -0.451833
1.42105375e+09 -0.474465
1.42105775e+09 -0.445069
1.42106175e+09 -0.434382
1.42106575e+09 -0.440961
1.42106975e+09 -0.4213
1.42107375e+09 -0.407593
1.42107775e+09 -0.405268
1.42108175e+09 -0.413908
1.42108575e+09 -0.442395
1.42108975e+09 -0.445314
1.42109375e+09 -0.463453
1.42109775e+09 -0.448078
1.42110175e+09 -0.446476
1.42110575e+09 -0.457983
1.42110975e+09 -0.439619
1.42111375e+09 -0.454883
1.42111775e+09 -0.449958
1.42112175e+09 -0.465115
1.42112575e+09 -0.449843
1.42112975e+09 -0.449094
1.42113375e+09 -0.46176
1.42113775e+09 -0.444549
1.42114175e+09 -0.473001
1.42114575e+09 -0.464255
1.42114975e+09 -0.451765
1.42115375e+09 -0.466775
1.42115775e+09 -0.450233
1.42116175e+09 -0.458594
1.42116575e+09 -0.462974
1.42116975e+09 -0.466505
1.42117375e+09 -0.459745
1.42117775e+09 -0.44841
1.42118175e+09 -0.455629
1.42118575e+09 -0.473395
1.42118975e+09 -0.457367
1.42119375e+09 -0.458921
1.42119775e+09 -0.464104
1.42120175e+09 -0.451691
1.42120575e+09 -0.454606
1.42120975e+09 -0.444062
1.42121375e+09 -0.453471
1.42121775e+09 -0.439154
1.42122175e+09 -0.438908
1.42122575e+09 -0.458042
1.42122975e+09 -0.449381
1.42123375e+09 -0.469369
1.42123775e+09 -0.436627
1.42124175e+09 -0.455619
1.42124575e+09 -0.438953
1.42124975e+09 -0.457842
1.42125375e+09 -0.447033
1.42125775e+09 -0.451917
1.42126175e+09 -0.436805
1.42126575e+09 -0.463408
1.42126975e+09 -0.445515
1.42127375e+09 -0.43981
1.42127775e+09 -0.438491
1.42128175e+09 -0.437639
1.42128575e+09 -0.440033
1.42128975e+09 -0.453675
1.42129375e+09 -0.434632
1.42129775e+09 -0.433188
1.42130175e+09 -0.446085
1.42130575e+09 -0.44899
1.42130975e+09 -0.453043
1.42131375e+09 -0.440232
1.42131775e+09 -0.439006
1.42132175e+09 -0.434703
1.42132575e+09 -0.428394
1.42132975e+09 -0.43125
1.42133375e+09 -0.43565
1.42133775e+09 -0.433269
1.42134175e+09 -0.433081
1.42134575e+09 -0.445953
1.42134975e+09 -0.427358
1.42135375e+09 -0.443074
1.42135775e+09 -0.433294
1.42136175e+09 -0.451293
1.42136575e+09 -0.447132
1.42136975e+09 -0.429021
1.42137375e+09 -0.446922
1.42137775e+09 -0.43859
1.42138175e+09 -0.430137
1.42138575e+09 -0.439829
1.42138975e+09 -0.428454
1.42139375e+09 -0.415675
1.42139775e+09 -0.432121
1.42140175e+09 -0.426727


