# rtl-power-fftw output
# galactisch: 172
# antenne: 255-58
# dark: dark20170925063727
# data: A172_20170925072348
# -b: 500
# -t: 150
# -g: 300
# -p: 0
# Acquisition start: 2017-09-25 07:23:49 UTC
# Acquisition end: 2017-09-25 07:26:20 UTC
#
# frequency [Hz] power spectral density [dB/Hz]
1.41940575e+09 -0.501357
1.41940975e+09 -0.497241
1.41941375e+09 -0.513794
1.41941775e+09 -0.513175
1.41942175e+09 -0.501759
1.41942575e+09 -0.512562
1.41942975e+09 -0.511238
1.41943375e+09 -0.507894
1.41943775e+09 -0.52008
1.41944175e+09 -0.506701
1.41944575e+09 -0.512027
1.41944975e+09 -0.502925
1.41945375e+09 -0.514741
1.41945775e+09 -0.509285
1.41946175e+09 -0.516842
1.41946575e+09 -0.509194
1.41946975e+09 -0.503029
1.41947375e+09 -0.502419
1.41947775e+09 -0.485162
1.41948175e+09 -0.499098
1.41948575e+09 -0.493661
1.41948975e+09 -0.492531
1.41949375e+09 -0.486858
1.41949775e+09 -0.484571
1.41950175e+09 -0.479129
1.41950575e+09 -0.473672
1.41950975e+09 -0.482998
1.41951375e+09 -0.470885
1.41951775e+09 -0.474813
1.41952175e+09 -0.483711
1.41952575e+09 -0.449231
1.41952975e+09 -0.452627
1.41953375e+09 -0.437733
1.41953775e+09 -0.452215
1.41954175e+09 -0.450608
1.41954575e+09 -0.459763
1.41954975e+09 -0.446232
1.41955375e+09 -0.451495
1.41955775e+09 -0.454122
1.41956175e+09 -0.44497
1.41956575e+09 -0.440066
1.41956975e+09 -0.461966
1.41957375e+09 -0.453743
1.41957775e+09 -0.442884
1.41958175e+09 -0.459359
1.41958575e+09 -0.445363
1.41958975e+09 -0.456676
1.41959375e+09 -0.460577
1.41959775e+09 -0.459648
1.41960175e+09 -0.443518
1.41960575e+09 -0.448602
1.41960975e+09 -0.440312
1.41961375e+09 -0.46893
1.41961775e+09 -0.450298
1.41962175e+09 -0.455076
1.41962575e+09 -0.464647
1.41962975e+09 -0.45143
1.41963375e+09 -0.440352
1.41963775e+09 -0.459756
1.41964175e+09 -0.436361
1.41964575e+09 -0.434883
1.41964975e+09 -0.460989
1.41965375e+09 -0.450519
1.41965775e+09 -0.448943
1.41966175e+09 -0.460227
1.41966575e+09 -0.446296
1.41966975e+09 -0.457415
1.41967375e+09 -0.455943
1.41967775e+09 -0.439577
1.41968175e+09 -0.439288
1.41968575e+09 -0.43453
1.41968975e+09 -0.414029
1.41969375e+09 -0.416302
1.41969775e+09 -0.424984
1.41970175e+09 -0.435994
1.41970575e+09 -0.455355
1.41970975e+09 -0.452121
1.41971375e+09 -0.461735
1.41971775e+09 -0.459694
1.41972175e+09 -0.46436
1.41972575e+09 -0.456359
1.41972975e+09 -0.45207
1.41973375e+09 -0.442596
1.41973775e+09 -0.473563
1.41974175e+09 -0.457309
1.41974575e+09 -0.454247
1.41974975e+09 -0.470315
1.41975375e+09 -0.471882
1.41975775e+09 -0.458708
1.41976175e+09 -0.454171
1.41976575e+09 -0.463641
1.41976975e+09 -0.457203
1.41977375e+09 -0.462154
1.41977775e+09 -0.457674
1.41978175e+09 -0.45421
1.41978575e+09 -0.460848
1.41978975e+09 -0.462133
1.41979375e+09 -0.465166
1.41979775e+09 -0.471446
1.41980175e+09 -0.468503
1.41980575e+09 -0.455196
1.41980975e+09 -0.462886
1.41981375e+09 -0.475023
1.41981775e+09 -0.468633
1.41982175e+09 -0.465543
1.41982575e+09 -0.470228
1.41982975e+09 -0.472218
1.41983375e+09 -0.476763
1.41983775e+09 -0.471348
1.41984175e+09 -0.445913
1.41984575e+09 -0.437382
1.41984975e+09 -0.444276
1.41985375e+09 -0.458644
1.41985775e+09 -0.462576
1.41986175e+09 -0.471629
1.41986575e+09 -0.473358
1.41986975e+09 -0.467178
1.41987375e+09 -0.462459
1.41987775e+09 -0.460412
1.41988175e+09 -0.454457
1.41988575e+09 -0.465124
1.41988975e+09 -0.462092
1.41989375e+09 -0.453193
1.41989775e+09 -0.476553
1.41990175e+09 -0.467691
1.41990575e+09 -0.471976
1.41990975e+09 -0.450039
1.41991375e+09 -0.476543
1.41991775e+09 -0.470101
1.41992175e+09 -0.461773
1.41992575e+09 -0.463098
1.41992975e+09 -0.475212
1.41993375e+09 -0.476097
1.41993775e+09 -0.475782
1.41994175e+09 -0.465575
1.41994575e+09 -0.477531
1.41994975e+09 -0.474121
1.41995375e+09 -0.455916
1.41995775e+09 -0.458779
1.41996175e+09 -0.462027
1.41996575e+09 -0.463702
1.41996975e+09 -0.466819
1.41997375e+09 -0.488584
1.41997775e+09 -0.470243
1.41998175e+09 -0.462275
1.41998575e+09 -0.469295
1.41998975e+09 -0.467775
1.41999375e+09 -0.480086
1.41999775e+09 -0.462551
1.42000175e+09 -0.447629
1.42000575e+09 -0.45812
1.42000975e+09 -0.467749
1.42001375e+09 -0.476911
1.42001775e+09 -0.481555
1.42002175e+09 -0.473548
1.42002575e+09 -0.468243
1.42002975e+09 -0.478162
1.42003375e+09 -0.469028
1.42003775e+09 -0.472689
1.42004175e+09 -0.48041
1.42004575e+09 -0.480615
1.42004975e+09 -0.467832
1.42005375e+09 -0.464687
1.42005775e+09 -0.490142
1.42006175e+09 -0.467175
1.42006575e+09 -0.472617
1.42006975e+09 -0.468634
1.42007375e+09 -0.475011
1.42007775e+09 -0.481334
1.42008175e+09 -0.470904
1.42008575e+09 -0.466374
1.42008975e+09 -0.483064
1.42009375e+09 -0.481952
1.42009775e+09 -0.491682
1.42010175e+09 -0.477031
1.42010575e+09 -0.484402
1.42010975e+09 -0.46124
1.42011375e+09 -0.495648
1.42011775e+09 -0.486095
1.42012175e+09 -0.468425
1.42012575e+09 -0.479823
1.42012975e+09 -0.480688
1.42013375e+09 -0.485952
1.42013775e+09 -0.468774
1.42014175e+09 -0.471047
1.42014575e+09 -0.454184
1.42014975e+09 -0.438052
1.42015375e+09 -0.431611
1.42015775e+09 -0.439178
1.42016175e+09 -0.457617
1.42016575e+09 -0.469802
1.42016975e+09 -0.467214
1.42017375e+09 -0.483874
1.42017775e+09 -0.497998
1.42018175e+09 -0.482684
1.42018575e+09 -0.481803
1.42018975e+09 -0.472015
1.42019375e+09 -0.479664
1.42019775e+09 -0.489809
1.42020175e+09 -0.492952
1.42020575e+09 -0.494328
1.42020975e+09 -0.490112
1.42021375e+09 -0.490509
1.42021775e+09 -0.477556
1.42022175e+09 -0.487955
1.42022575e+09 -0.486578
1.42022975e+09 -0.499598
1.42023375e+09 -0.495462
1.42023775e+09 -0.49422
1.42024175e+09 -0.492198
1.42024575e+09 -0.481932
1.42024975e+09 -0.49559
1.42025375e+09 -0.492421
1.42025775e+09 -0.481587
1.42026175e+09 -0.48982
1.42026575e+09 -0.490572
1.42026975e+09 -0.481954
1.42027375e+09 -0.502449
1.42027775e+09 -0.47108
1.42028175e+09 -0.4903
1.42028575e+09 -0.493833
1.42028975e+09 -0.496195
1.42029375e+09 -0.490483
1.42029775e+09 -0.490282
1.42030175e+09 -0.482877
1.42030575e+09 -0.476139
1.42030975e+09 -0.48027
1.42031375e+09 -0.480773
1.42031775e+09 -0.496331
1.42032175e+09 -0.502763
1.42032575e+09 -0.483874
1.42032975e+09 -0.485839
1.42033375e+09 -0.500837
1.42033775e+09 -0.487746
1.42034175e+09 -0.48805
1.42034575e+09 -0.488777
1.42034975e+09 -0.4764
1.42035375e+09 -0.499692
1.42035775e+09 -0.486362
1.42036175e+09 -0.480819
1.42036575e+09 -0.489341
1.42036975e+09 -0.496575
1.42037375e+09 -0.483569
1.42037775e+09 -0.497611
1.42038175e+09 -0.48588
1.42038575e+09 -0.487179
1.42038975e+09 -0.495926
1.42039375e+09 -0.501089
1.42039775e+09 -0.488507
1.42040175e+09 -0.500229
1.42040575e+09 -0.491885
1.42040975e+09 -0.483662
1.42041375e+09 -0.469551
1.42041775e+09 -0.466973
1.42042175e+09 -0.456074
1.42042575e+09 -0.466451
1.42042975e+09 -0.449913
1.42043375e+09 -0.43696
1.42043775e+09 -0.420286
1.42044175e+09 -0.401249
1.42044575e+09 -0.377542
1.42044975e+09 -0.333965
1.42045375e+09 -0.311939
1.42045775e+09 -0.268169
1.42046175e+09 -0.205648
1.42046575e+09 -0.139479
1.42046975e+09 -0.0950238
1.42047375e+09 -0.0546936
1.42047775e+09 -0.00348358
1.42048175e+09 0.0017149
1.42048575e+09 0.0537791
1.42048975e+09 0.0885494
1.42049375e+09 0.121058
1.42049775e+09 0.123443
1.42050175e+09 0.143192
1.42050575e+09 0.167131
1.42050975e+09 0.167804
1.42051375e+09 0.163105
1.42051775e+09 0.194017
1.42052175e+09 0.20915
1.42052575e+09 0.218211
1.42052975e+09 0.254178
1.42053375e+09 0.248169
1.42053775e+09 0.25832
1.42054175e+09 0.273023
1.42054575e+09 0.273809
1.42054975e+09 0.283815
1.42055375e+09 0.285029
1.42055775e+09 0.266617
1.42056175e+09 0.247717
1.42056575e+09 0.236605
1.42056975e+09 0.219878
1.42057375e+09 0.199893
1.42057775e+09 0.181052
1.42058175e+09 0.163831
1.42058575e+09 0.151663
1.42058975e+09 0.130866
1.42059375e+09 0.115969
1.42059775e+09 0.083698
1.42060175e+09 0.0579406
1.42060575e+09 0.056891
1.42060975e+09 0.0262745
1.42061375e+09 0.0169261
1.42061775e+09 -0.0150579
1.42062175e+09 -0.0731464
1.42062575e+09 -0.119535
1.42062975e+09 -0.135568
1.42063375e+09 -0.176953
1.42063775e+09 -0.201041
1.42064175e+09 -0.224249
1.42064575e+09 -0.241815
1.42064975e+09 -0.264303
1.42065375e+09 -0.2869
1.42065775e+09 -0.322025
1.42066175e+09 -0.332909
1.42066575e+09 -0.349546
1.42066975e+09 -0.361993
1.42067375e+09 -0.385601
1.42067775e+09 -0.412824
1.42068175e+09 -0.415018
1.42068575e+09 -0.431278
1.42068975e+09 -0.424664
1.42069375e+09 -0.435207
1.42069775e+09 -0.443178
1.42070175e+09 -0.454339
1.42070575e+09 -0.4606
1.42070975e+09 -0.475437
1.42071375e+09 -0.465719
1.42071775e+09 -0.480399
1.42072175e+09 -0.500333
1.42072575e+09 -0.486266
1.42072975e+09 -0.488217
1.42073375e+09 -0.495101
1.42073775e+09 -0.496276
1.42074175e+09 -0.477625
1.42074575e+09 -0.498442
1.42074975e+09 -0.496944
1.42075375e+09 -0.509514
1.42075775e+09 -0.499245
1.42076175e+09 -0.484182
1.42076575e+09 -0.499754
1.42076975e+09 -0.517455
1.42077375e+09 -0.501067
1.42077775e+09 -0.493855
1.42078175e+09 -0.516194
1.42078575e+09 -0.516026
1.42078975e+09 -0.50454
1.42079375e+09 -0.499911
1.42079775e+09 -0.50084
1.42080175e+09 -0.494679
1.42080575e+09 -0.489481
1.42080975e+09 -0.513094
1.42081375e+09 -0.510201
1.42081775e+09 -0.515735
1.42082175e+09 -0.508767
1.42082575e+09 -0.528115
1.42082975e+09 -0.509596
1.42083375e+09 -0.508999
1.42083775e+09 -0.511652
1.42084175e+09 -0.540925
1.42084575e+09 -0.529336
1.42084975e+09 -0.517653
1.42085375e+09 -0.516771
1.42085775e+09 -0.527277
1.42086175e+09 -0.5226
1.42086575e+09 -0.524589
1.42086975e+09 -0.51784
1.42087375e+09 -0.514954
1.42087775e+09 -0.502873
1.42088175e+09 -0.516675
1.42088575e+09 -0.520869
1.42088975e+09 -0.521611
1.42089375e+09 -0.521058
1.42089775e+09 -0.531146
1.42090175e+09 -0.536083
1.42090575e+09 -0.538079
1.42090975e+09 -0.52696
1.42091375e+09 -0.515488
1.42091775e+09 -0.522812
1.42092175e+09 -0.524548
1.42092575e+09 -0.500732
1.42092975e+09 -0.483866
1.42093375e+09 -0.497322
1.42093775e+09 -0.51954
1.42094175e+09 -0.517382
1.42094575e+09 -0.517165
1.42094975e+09 -0.524199
1.42095375e+09 -0.513941
1.42095775e+09 -0.522153
1.42096175e+09 -0.524402
1.42096575e+09 -0.525172
1.42096975e+09 -0.52903
1.42097375e+09 -0.511319
1.42097775e+09 -0.532651
1.42098175e+09 -0.525164
1.42098575e+09 -0.519457
1.42098975e+09 -0.518696
1.42099375e+09 -0.52518
1.42099775e+09 -0.51824
1.42100175e+09 -0.508141
1.42100575e+09 -0.528763
1.42100975e+09 -0.515389
1.42101375e+09 -0.523642
1.42101775e+09 -0.520649
1.42102175e+09 -0.529596
1.42102575e+09 -0.53159
1.42102975e+09 -0.530193
1.42103375e+09 -0.549676
1.42103775e+09 -0.534809
1.42104175e+09 -0.525196
1.42104575e+09 -0.536797
1.42104975e+09 -0.521858
1.42105375e+09 -0.522787
1.42105775e+09 -0.520154
1.42106175e+09 -0.50453
1.42106575e+09 -0.520901
1.42106975e+09 -0.494333
1.42107375e+09 -0.484187
1.42107775e+09 -0.467571
1.42108175e+09 -0.479521
1.42108575e+09 -0.523938
1.42108975e+09 -0.510675
1.42109375e+09 -0.528833
1.42109775e+09 -0.518219
1.42110175e+09 -0.518888
1.42110575e+09 -0.531741
1.42110975e+09 -0.510551
1.42111375e+09 -0.511033
1.42111775e+09 -0.517541
1.42112175e+09 -0.530967
1.42112575e+09 -0.515639
1.42112975e+09 -0.515254
1.42113375e+09 -0.537665
1.42113775e+09 -0.520431
1.42114175e+09 -0.523609
1.42114575e+09 -0.550208
1.42114975e+09 -0.517532
1.42115375e+09 -0.541927
1.42115775e+09 -0.517197
1.42116175e+09 -0.536542
1.42116575e+09 -0.517001
1.42116975e+09 -0.522553
1.42117375e+09 -0.523478
1.42117775e+09 -0.520559
1.42118175e+09 -0.510291
1.42118575e+09 -0.535136
1.42118975e+09 -0.516318
1.42119375e+09 -0.52249
1.42119775e+09 -0.519432
1.42120175e+09 -0.513824
1.42120575e+09 -0.52218
1.42120975e+09 -0.50589
1.42121375e+09 -0.530315
1.42121775e+09 -0.501684
1.42122175e+09 -0.502992
1.42122575e+09 -0.527205
1.42122975e+09 -0.532245
1.42123375e+09 -0.539347
1.42123775e+09 -0.504883
1.42124175e+09 -0.519439
1.42124575e+09 -0.507926
1.42124975e+09 -0.513596
1.42125375e+09 -0.511821
1.42125775e+09 -0.519483
1.42126175e+09 -0.506035
1.42126575e+09 -0.527455
1.42126975e+09 -0.507948
1.42127375e+09 -0.506745
1.42127775e+09 -0.509851
1.42128175e+09 -0.505575
1.42128575e+09 -0.499267
1.42128975e+09 -0.524731
1.42129375e+09 -0.517057
1.42129775e+09 -0.495853
1.42130175e+09 -0.514865
1.42130575e+09 -0.509157
1.42130975e+09 -0.509949
1.42131375e+09 -0.51326
1.42131775e+09 -0.503902
1.42132175e+09 -0.500055
1.42132575e+09 -0.496496
1.42132975e+09 -0.501455
1.42133375e+09 -0.495161
1.42133775e+09 -0.509807
1.42134175e+09 -0.502705
1.42134575e+09 -0.498847
1.42134975e+09 -0.504798
1.42135375e+09 -0.504056
1.42135775e+09 -0.499583
1.42136175e+09 -0.497895
1.42136575e+09 -0.493424
1.42136975e+09 -0.486033
1.42137375e+09 -0.500231
1.42137775e+09 -0.503566
1.42138175e+09 -0.492123
1.42138575e+09 -0.509368
1.42138975e+09 -0.479319
1.42139375e+09 -0.486723
1.42139775e+09 -0.488855
1.42140175e+09 -0.483666


