# rtl-power-fftw output
# galactisch: 176
# antenne: 249-56
# dark: dark20170925063727
# data: A176_20170925072933
# -b: 500
# -t: 150
# -g: 300
# -p: 0
# Acquisition start: 2017-09-25 07:29:34 UTC
# Acquisition end: 2017-09-25 07:32:06 UTC
#
# frequency [Hz] power spectral density [dB/Hz]
1.41940575e+09 -0.466275
1.41940975e+09 -0.460323
1.41941375e+09 -0.473996
1.41941775e+09 -0.478102
1.41942175e+09 -0.471901
1.41942575e+09 -0.484028
1.41942975e+09 -0.47837
1.41943375e+09 -0.472478
1.41943775e+09 -0.475533
1.41944175e+09 -0.466849
1.41944575e+09 -0.469814
1.41944975e+09 -0.464501
1.41945375e+09 -0.46289
1.41945775e+09 -0.478603
1.41946175e+09 -0.4748
1.41946575e+09 -0.458776
1.41946975e+09 -0.458267
1.41947375e+09 -0.462855
1.41947775e+09 -0.444532
1.41948175e+09 -0.462785
1.41948575e+09 -0.462705
1.41948975e+09 -0.456062
1.41949375e+09 -0.448526
1.41949775e+09 -0.451492
1.41950175e+09 -0.446801
1.41950575e+09 -0.434515
1.41950975e+09 -0.442414
1.41951375e+09 -0.432091
1.41951775e+09 -0.439353
1.41952175e+09 -0.456595
1.41952575e+09 -0.41982
1.41952975e+09 -0.425951
1.41953375e+09 -0.422389
1.41953775e+09 -0.420884
1.41954175e+09 -0.427832
1.41954575e+09 -0.430177
1.41954975e+09 -0.415046
1.41955375e+09 -0.420844
1.41955775e+09 -0.418416
1.41956175e+09 -0.420902
1.41956575e+09 -0.406039
1.41956975e+09 -0.432361
1.41957375e+09 -0.417742
1.41957775e+09 -0.417183
1.41958175e+09 -0.424119
1.41958575e+09 -0.420235
1.41958975e+09 -0.426575
1.41959375e+09 -0.419981
1.41959775e+09 -0.422785
1.41960175e+09 -0.408853
1.41960575e+09 -0.41822
1.41960975e+09 -0.421896
1.41961375e+09 -0.430018
1.41961775e+09 -0.429779
1.41962175e+09 -0.424166
1.41962575e+09 -0.422756
1.41962975e+09 -0.398765
1.41963375e+09 -0.426834
1.41963775e+09 -0.424902
1.41964175e+09 -0.411711
1.41964575e+09 -0.405012
1.41964975e+09 -0.42678
1.41965375e+09 -0.419563
1.41965775e+09 -0.412382
1.41966175e+09 -0.422739
1.41966575e+09 -0.426126
1.41966975e+09 -0.41738
1.41967375e+09 -0.42353
1.41967775e+09 -0.410924
1.41968175e+09 -0.43239
1.41968575e+09 -0.420391
1.41968975e+09 -0.403
1.41969375e+09 -0.402243
1.41969775e+09 -0.402101
1.41970175e+09 -0.406905
1.41970575e+09 -0.416716
1.41970975e+09 -0.419857
1.41971375e+09 -0.434576
1.41971775e+09 -0.440909
1.41972175e+09 -0.433913
1.41972575e+09 -0.427177
1.41972975e+09 -0.434501
1.41973375e+09 -0.408729
1.41973775e+09 -0.426645
1.41974175e+09 -0.428126
1.41974575e+09 -0.430904
1.41974975e+09 -0.429723
1.41975375e+09 -0.431889
1.41975775e+09 -0.418855
1.41976175e+09 -0.425411
1.41976575e+09 -0.430987
1.41976975e+09 -0.421466
1.41977375e+09 -0.442862
1.41977775e+09 -0.4301
1.41978175e+09 -0.424662
1.41978575e+09 -0.421323
1.41978975e+09 -0.431581
1.41979375e+09 -0.440009
1.41979775e+09 -0.430185
1.41980175e+09 -0.427036
1.41980575e+09 -0.433938
1.41980975e+09 -0.432003
1.41981375e+09 -0.436771
1.41981775e+09 -0.438918
1.41982175e+09 -0.440983
1.41982575e+09 -0.436634
1.41982975e+09 -0.430052
1.41983375e+09 -0.449239
1.41983775e+09 -0.422089
1.41984175e+09 -0.431954
1.41984575e+09 -0.428545
1.41984975e+09 -0.427203
1.41985375e+09 -0.433257
1.41985775e+09 -0.43699
1.41986175e+09 -0.430606
1.41986575e+09 -0.445659
1.41986975e+09 -0.440065
1.41987375e+09 -0.438579
1.41987775e+09 -0.436302
1.41988175e+09 -0.428793
1.41988575e+09 -0.442039
1.41988975e+09 -0.43246
1.41989375e+09 -0.425222
1.41989775e+09 -0.440998
1.41990175e+09 -0.443645
1.41990575e+09 -0.433494
1.41990975e+09 -0.426052
1.41991375e+09 -0.441498
1.41991775e+09 -0.445819
1.41992175e+09 -0.441108
1.41992575e+09 -0.437866
1.41992975e+09 -0.431806
1.41993375e+09 -0.440542
1.41993775e+09 -0.451271
1.41994175e+09 -0.439611
1.41994575e+09 -0.44022
1.41994975e+09 -0.432512
1.41995375e+09 -0.427413
1.41995775e+09 -0.436279
1.41996175e+09 -0.452353
1.41996575e+09 -0.438879
1.41996975e+09 -0.439451
1.41997375e+09 -0.44366
1.41997775e+09 -0.439919
1.41998175e+09 -0.439433
1.41998575e+09 -0.448955
1.41998975e+09 -0.445882
1.41999375e+09 -0.444293
1.41999775e+09 -0.428942
1.42000175e+09 -0.425977
1.42000575e+09 -0.442372
1.42000975e+09 -0.447915
1.42001375e+09 -0.456294
1.42001775e+09 -0.446132
1.42002175e+09 -0.439088
1.42002575e+09 -0.440345
1.42002975e+09 -0.442185
1.42003375e+09 -0.443686
1.42003775e+09 -0.444767
1.42004175e+09 -0.446545
1.42004575e+09 -0.448156
1.42004975e+09 -0.429968
1.42005375e+09 -0.442401
1.42005775e+09 -0.464079
1.42006175e+09 -0.442536
1.42006575e+09 -0.440686
1.42006975e+09 -0.440445
1.42007375e+09 -0.455415
1.42007775e+09 -0.453127
1.42008175e+09 -0.446495
1.42008575e+09 -0.451384
1.42008975e+09 -0.456043
1.42009375e+09 -0.462283
1.42009775e+09 -0.444989
1.42010175e+09 -0.456258
1.42010575e+09 -0.468359
1.42010975e+09 -0.428758
1.42011375e+09 -0.462522
1.42011775e+09 -0.452166
1.42012175e+09 -0.446595
1.42012575e+09 -0.452723
1.42012975e+09 -0.442621
1.42013375e+09 -0.455605
1.42013775e+09 -0.446584
1.42014175e+09 -0.451609
1.42014575e+09 -0.437275
1.42014975e+09 -0.435549
1.42015375e+09 -0.424164
1.42015775e+09 -0.443134
1.42016175e+09 -0.445824
1.42016575e+09 -0.445398
1.42016975e+09 -0.443302
1.42017375e+09 -0.448299
1.42017775e+09 -0.471044
1.42018175e+09 -0.462331
1.42018575e+09 -0.455746
1.42018975e+09 -0.457347
1.42019375e+09 -0.465685
1.42019775e+09 -0.467476
1.42020175e+09 -0.45651
1.42020575e+09 -0.462305
1.42020975e+09 -0.464714
1.42021375e+09 -0.45932
1.42021775e+09 -0.467704
1.42022175e+09 -0.461356
1.42022575e+09 -0.452421
1.42022975e+09 -0.464766
1.42023375e+09 -0.462395
1.42023775e+09 -0.459133
1.42024175e+09 -0.470379
1.42024575e+09 -0.455315
1.42024975e+09 -0.465696
1.42025375e+09 -0.46308
1.42025775e+09 -0.45127
1.42026175e+09 -0.452106
1.42026575e+09 -0.455644
1.42026975e+09 -0.461493
1.42027375e+09 -0.46724
1.42027775e+09 -0.457563
1.42028175e+09 -0.462612
1.42028575e+09 -0.475477
1.42028975e+09 -0.457615
1.42029375e+09 -0.445292
1.42029775e+09 -0.451661
1.42030175e+09 -0.465549
1.42030575e+09 -0.437084
1.42030975e+09 -0.459474
1.42031375e+09 -0.460192
1.42031775e+09 -0.461908
1.42032175e+09 -0.46635
1.42032575e+09 -0.455616
1.42032975e+09 -0.458249
1.42033375e+09 -0.468602
1.42033775e+09 -0.460583
1.42034175e+09 -0.464785
1.42034575e+09 -0.451476
1.42034975e+09 -0.458717
1.42035375e+09 -0.473138
1.42035775e+09 -0.445914
1.42036175e+09 -0.460266
1.42036575e+09 -0.464746
1.42036975e+09 -0.469489
1.42037375e+09 -0.452236
1.42037775e+09 -0.461485
1.42038175e+09 -0.459587
1.42038575e+09 -0.462465
1.42038975e+09 -0.460249
1.42039375e+09 -0.459346
1.42039775e+09 -0.453617
1.42040175e+09 -0.461444
1.42040575e+09 -0.449384
1.42040975e+09 -0.437466
1.42041375e+09 -0.424088
1.42041775e+09 -0.424027
1.42042175e+09 -0.39886
1.42042575e+09 -0.394566
1.42042975e+09 -0.384227
1.42043375e+09 -0.370185
1.42043775e+09 -0.335026
1.42044175e+09 -0.304358
1.42044575e+09 -0.261779
1.42044975e+09 -0.222978
1.42045375e+09 -0.158492
1.42045775e+09 -0.105624
1.42046175e+09 -0.0320485
1.42046575e+09 0.0496295
1.42046975e+09 0.106171
1.42047375e+09 0.14449
1.42047775e+09 0.180111
1.42048175e+09 0.197293
1.42048575e+09 0.236483
1.42048975e+09 0.254498
1.42049375e+09 0.270009
1.42049775e+09 0.271909
1.42050175e+09 0.310292
1.42050575e+09 0.32394
1.42050975e+09 0.318872
1.42051375e+09 0.338261
1.42051775e+09 0.366165
1.42052175e+09 0.373295
1.42052575e+09 0.370313
1.42052975e+09 0.386888
1.42053375e+09 0.393618
1.42053775e+09 0.391616
1.42054175e+09 0.372281
1.42054575e+09 0.382997
1.42054975e+09 0.374201
1.42055375e+09 0.369458
1.42055775e+09 0.340036
1.42056175e+09 0.336676
1.42056575e+09 0.319977
1.42056975e+09 0.302227
1.42057375e+09 0.272118
1.42057775e+09 0.248977
1.42058175e+09 0.222724
1.42058575e+09 0.194565
1.42058975e+09 0.160287
1.42059375e+09 0.139093
1.42059775e+09 0.0800882
1.42060175e+09 0.0513843
1.42060575e+09 0.0146461
1.42060975e+09 -0.0247484
1.42061375e+09 -0.061216
1.42061775e+09 -0.0834835
1.42062175e+09 -0.15535
1.42062575e+09 -0.181751
1.42062975e+09 -0.202972
1.42063375e+09 -0.240714
1.42063775e+09 -0.248225
1.42064175e+09 -0.273898
1.42064575e+09 -0.294749
1.42064975e+09 -0.316459
1.42065375e+09 -0.336387
1.42065775e+09 -0.358
1.42066175e+09 -0.368151
1.42066575e+09 -0.388788
1.42066975e+09 -0.396127
1.42067375e+09 -0.408139
1.42067775e+09 -0.433035
1.42068175e+09 -0.435869
1.42068575e+09 -0.433199
1.42068975e+09 -0.436156
1.42069375e+09 -0.448129
1.42069775e+09 -0.443892
1.42070175e+09 -0.45003
1.42070575e+09 -0.452018
1.42070975e+09 -0.463988
1.42071375e+09 -0.458443
1.42071775e+09 -0.467609
1.42072175e+09 -0.488212
1.42072575e+09 -0.468274
1.42072975e+09 -0.473845
1.42073375e+09 -0.477535
1.42073775e+09 -0.478398
1.42074175e+09 -0.459773
1.42074575e+09 -0.485978
1.42074975e+09 -0.493319
1.42075375e+09 -0.490174
1.42075775e+09 -0.480962
1.42076175e+09 -0.478284
1.42076575e+09 -0.471875
1.42076975e+09 -0.479975
1.42077375e+09 -0.486287
1.42077775e+09 -0.490546
1.42078175e+09 -0.494118
1.42078575e+09 -0.484329
1.42078975e+09 -0.476206
1.42079375e+09 -0.482646
1.42079775e+09 -0.483912
1.42080175e+09 -0.4919
1.42080575e+09 -0.479882
1.42080975e+09 -0.49064
1.42081375e+09 -0.496115
1.42081775e+09 -0.497309
1.42082175e+09 -0.486042
1.42082575e+09 -0.492994
1.42082975e+09 -0.489209
1.42083375e+09 -0.496898
1.42083775e+09 -0.496761
1.42084175e+09 -0.500646
1.42084575e+09 -0.503028
1.42084975e+09 -0.49133
1.42085375e+09 -0.494269
1.42085775e+09 -0.490806
1.42086175e+09 -0.498654
1.42086575e+09 -0.502698
1.42086975e+09 -0.486696
1.42087375e+09 -0.492296
1.42087775e+09 -0.490399
1.42088175e+09 -0.483804
1.42088575e+09 -0.499536
1.42088975e+09 -0.505384
1.42089375e+09 -0.48235
1.42089775e+09 -0.49369
1.42090175e+09 -0.503931
1.42090575e+09 -0.508263
1.42090975e+09 -0.505199
1.42091375e+09 -0.500119
1.42091775e+09 -0.488614
1.42092175e+09 -0.501444
1.42092575e+09 -0.483471
1.42092975e+09 -0.471777
1.42093375e+09 -0.46663
1.42093775e+09 -0.482573
1.42094175e+09 -0.491851
1.42094575e+09 -0.493209
1.42094975e+09 -0.513038
1.42095375e+09 -0.492692
1.42095775e+09 -0.490539
1.42096175e+09 -0.482773
1.42096575e+09 -0.496462
1.42096975e+09 -0.498678
1.42097375e+09 -0.486263
1.42097775e+09 -0.503888
1.42098175e+09 -0.49726
1.42098575e+09 -0.489795
1.42098975e+09 -0.492051
1.42099375e+09 -0.49563
1.42099775e+09 -0.496131
1.42100175e+09 -0.494123
1.42100575e+09 -0.496554
1.42100975e+09 -0.483184
1.42101375e+09 -0.486824
1.42101775e+09 -0.494188
1.42102175e+09 -0.493655
1.42102575e+09 -0.493385
1.42102975e+09 -0.513223
1.42103375e+09 -0.515678
1.42103775e+09 -0.512072
1.42104175e+09 -0.490485
1.42104575e+09 -0.506123
1.42104975e+09 -0.499127
1.42105375e+09 -0.505249
1.42105775e+09 -0.494847
1.42106175e+09 -0.495087
1.42106575e+09 -0.490409
1.42106975e+09 -0.476454
1.42107375e+09 -0.472661
1.42107775e+09 -0.459441
1.42108175e+09 -0.474076
1.42108575e+09 -0.494208
1.42108975e+09 -0.480011
1.42109375e+09 -0.503298
1.42109775e+09 -0.497102
1.42110175e+09 -0.479168
1.42110575e+09 -0.500678
1.42110975e+09 -0.48696
1.42111375e+09 -0.489649
1.42111775e+09 -0.487698
1.42112175e+09 -0.499137
1.42112575e+09 -0.495985
1.42112975e+09 -0.479623
1.42113375e+09 -0.520549
1.42113775e+09 -0.49116
1.42114175e+09 -0.496795
1.42114575e+09 -0.508625
1.42114975e+09 -0.502782
1.42115375e+09 -0.503537
1.42115775e+09 -0.499424
1.42116175e+09 -0.507052
1.42116575e+09 -0.486364
1.42116975e+09 -0.491992
1.42117375e+09 -0.499639
1.42117775e+09 -0.492971
1.42118175e+09 -0.49389
1.42118575e+09 -0.500113
1.42118975e+09 -0.48278
1.42119375e+09 -0.492384
1.42119775e+09 -0.497632
1.42120175e+09 -0.480659
1.42120575e+09 -0.491373
1.42120975e+09 -0.487465
1.42121375e+09 -0.496945
1.42121775e+09 -0.487875
1.42122175e+09 -0.478216
1.42122575e+09 -0.507871
1.42122975e+09 -0.487571
1.42123375e+09 -0.49321
1.42123775e+09 -0.480222
1.42124175e+09 -0.486995
1.42124575e+09 -0.491369
1.42124975e+09 -0.486275
1.42125375e+09 -0.488531
1.42125775e+09 -0.483793
1.42126175e+09 -0.488275
1.42126575e+09 -0.498058
1.42126975e+09 -0.486975
1.42127375e+09 -0.485764
1.42127775e+09 -0.475397
1.42128175e+09 -0.479623
1.42128575e+09 -0.480698
1.42128975e+09 -0.4822
1.42129375e+09 -0.478835
1.42129775e+09 -0.464085
1.42130175e+09 -0.471571
1.42130575e+09 -0.483971
1.42130975e+09 -0.477919
1.42131375e+09 -0.481169
1.42131775e+09 -0.480756
1.42132175e+09 -0.470551
1.42132575e+09 -0.476397
1.42132975e+09 -0.459019
1.42133375e+09 -0.471604
1.42133775e+09 -0.480491
1.42134175e+09 -0.465669
1.42134575e+09 -0.47756
1.42134975e+09 -0.468949
1.42135375e+09 -0.471102
1.42135775e+09 -0.469297
1.42136175e+09 -0.476636
1.42136575e+09 -0.465936
1.42136975e+09 -0.457983
1.42137375e+09 -0.474573
1.42137775e+09 -0.477652
1.42138175e+09 -0.459289
1.42138575e+09 -0.474643
1.42138975e+09 -0.451327
1.42139375e+09 -0.467638
1.42139775e+09 -0.450791
1.42140175e+09 -0.462045


