# rtl-power-fftw output
# galactisch: 180
# antenne: 244-54
# dark: dark20170925063727
# data: A180_20170925073456
# -b: 500
# -t: 150
# -g: 300
# -p: 0
# Acquisition start: 2017-09-25 07:34:57 UTC
# Acquisition end: 2017-09-25 07:37:28 UTC
#
# frequency [Hz] power spectral density [dB/Hz]
1.41940575e+09 -0.629068
1.41940975e+09 -0.623917
1.41941375e+09 -0.630685
1.41941775e+09 -0.644418
1.41942175e+09 -0.626165
1.41942575e+09 -0.653757
1.41942975e+09 -0.6429
1.41943375e+09 -0.63779
1.41943775e+09 -0.641451
1.41944175e+09 -0.636671
1.41944575e+09 -0.642701
1.41944975e+09 -0.64355
1.41945375e+09 -0.639406
1.41945775e+09 -0.640711
1.41946175e+09 -0.670791
1.41946575e+09 -0.648082
1.41946975e+09 -0.654193
1.41947375e+09 -0.654253
1.41947775e+09 -0.640151
1.41948175e+09 -0.657539
1.41948575e+09 -0.64688
1.41948975e+09 -0.65275
1.41949375e+09 -0.640244
1.41949775e+09 -0.644591
1.41950175e+09 -0.651567
1.41950575e+09 -0.646994
1.41950975e+09 -0.634794
1.41951375e+09 -0.651237
1.41951775e+09 -0.643983
1.41952175e+09 -0.656068
1.41952575e+09 -0.62937
1.41952975e+09 -0.627806
1.41953375e+09 -0.624229
1.41953775e+09 -0.617775
1.41954175e+09 -0.621825
1.41954575e+09 -0.621851
1.41954975e+09 -0.626542
1.41955375e+09 -0.63889
1.41955775e+09 -0.623115
1.41956175e+09 -0.627751
1.41956575e+09 -0.626563
1.41956975e+09 -0.622869
1.41957375e+09 -0.628241
1.41957775e+09 -0.624352
1.41958175e+09 -0.630038
1.41958575e+09 -0.614947
1.41958975e+09 -0.632801
1.41959375e+09 -0.632033
1.41959775e+09 -0.630265
1.41960175e+09 -0.634434
1.41960575e+09 -0.62669
1.41960975e+09 -0.624526
1.41961375e+09 -0.639113
1.41961775e+09 -0.633801
1.41962175e+09 -0.64045
1.41962575e+09 -0.636438
1.41962975e+09 -0.626225
1.41963375e+09 -0.62579
1.41963775e+09 -0.638274
1.41964175e+09 -0.620009
1.41964575e+09 -0.626509
1.41964975e+09 -0.633354
1.41965375e+09 -0.629312
1.41965775e+09 -0.61896
1.41966175e+09 -0.633258
1.41966575e+09 -0.636072
1.41966975e+09 -0.627361
1.41967375e+09 -0.621657
1.41967775e+09 -0.625452
1.41968175e+09 -0.63187
1.41968575e+09 -0.618984
1.41968975e+09 -0.610936
1.41969375e+09 -0.62426
1.41969775e+09 -0.623358
1.41970175e+09 -0.629051
1.41970575e+09 -0.630202
1.41970975e+09 -0.623003
1.41971375e+09 -0.642227
1.41971775e+09 -0.634352
1.41972175e+09 -0.636457
1.41972575e+09 -0.643456
1.41972975e+09 -0.62073
1.41973375e+09 -0.617556
1.41973775e+09 -0.65435
1.41974175e+09 -0.635005
1.41974575e+09 -0.629751
1.41974975e+09 -0.641986
1.41975375e+09 -0.628122
1.41975775e+09 -0.633843
1.41976175e+09 -0.636354
1.41976575e+09 -0.639474
1.41976975e+09 -0.626853
1.41977375e+09 -0.645735
1.41977775e+09 -0.633124
1.41978175e+09 -0.640449
1.41978575e+09 -0.624695
1.41978975e+09 -0.635602
1.41979375e+09 -0.629354
1.41979775e+09 -0.635308
1.41980175e+09 -0.633692
1.41980575e+09 -0.634174
1.41980975e+09 -0.64705
1.41981375e+09 -0.641848
1.41981775e+09 -0.641988
1.41982175e+09 -0.640089
1.41982575e+09 -0.632936
1.41982975e+09 -0.634151
1.41983375e+09 -0.641226
1.41983775e+09 -0.638021
1.41984175e+09 -0.624928
1.41984575e+09 -0.635568
1.41984975e+09 -0.621901
1.41985375e+09 -0.625876
1.41985775e+09 -0.637085
1.41986175e+09 -0.646443
1.41986575e+09 -0.657515
1.41986975e+09 -0.64823
1.41987375e+09 -0.637134
1.41987775e+09 -0.636809
1.41988175e+09 -0.630333
1.41988575e+09 -0.640742
1.41988975e+09 -0.631208
1.41989375e+09 -0.626879
1.41989775e+09 -0.650898
1.41990175e+09 -0.644753
1.41990575e+09 -0.635745
1.41990975e+09 -0.62472
1.41991375e+09 -0.64871
1.41991775e+09 -0.645267
1.41992175e+09 -0.631898
1.41992575e+09 -0.632324
1.41992975e+09 -0.636785
1.41993375e+09 -0.641164
1.41993775e+09 -0.632466
1.41994175e+09 -0.63003
1.41994575e+09 -0.640861
1.41994975e+09 -0.645562
1.41995375e+09 -0.635457
1.41995775e+09 -0.637847
1.41996175e+09 -0.647787
1.41996575e+09 -0.642716
1.41996975e+09 -0.643556
1.41997375e+09 -0.638772
1.41997775e+09 -0.632277
1.41998175e+09 -0.638118
1.41998575e+09 -0.637369
1.41998975e+09 -0.641263
1.41999375e+09 -0.645448
1.41999775e+09 -0.632556
1.42000175e+09 -0.619566
1.42000575e+09 -0.64227
1.42000975e+09 -0.639897
1.42001375e+09 -0.642003
1.42001775e+09 -0.640497
1.42002175e+09 -0.636877
1.42002575e+09 -0.635196
1.42002975e+09 -0.641688
1.42003375e+09 -0.639069
1.42003775e+09 -0.631179
1.42004175e+09 -0.636575
1.42004575e+09 -0.643457
1.42004975e+09 -0.631263
1.42005375e+09 -0.637312
1.42005775e+09 -0.651264
1.42006175e+09 -0.642443
1.42006575e+09 -0.634387
1.42006975e+09 -0.645467
1.42007375e+09 -0.641444
1.42007775e+09 -0.640399
1.42008175e+09 -0.644479
1.42008575e+09 -0.633922
1.42008975e+09 -0.643751
1.42009375e+09 -0.656343
1.42009775e+09 -0.64879
1.42010175e+09 -0.640278
1.42010575e+09 -0.644211
1.42010975e+09 -0.636913
1.42011375e+09 -0.660523
1.42011775e+09 -0.643258
1.42012175e+09 -0.634422
1.42012575e+09 -0.638332
1.42012975e+09 -0.642686
1.42013375e+09 -0.638982
1.42013775e+09 -0.6356
1.42014175e+09 -0.641052
1.42014575e+09 -0.644991
1.42014975e+09 -0.634187
1.42015375e+09 -0.616283
1.42015775e+09 -0.629219
1.42016175e+09 -0.628961
1.42016575e+09 -0.634226
1.42016975e+09 -0.635994
1.42017375e+09 -0.638957
1.42017775e+09 -0.657087
1.42018175e+09 -0.657394
1.42018575e+09 -0.648858
1.42018975e+09 -0.637228
1.42019375e+09 -0.6467
1.42019775e+09 -0.658233
1.42020175e+09 -0.641291
1.42020575e+09 -0.657492
1.42020975e+09 -0.653418
1.42021375e+09 -0.657455
1.42021775e+09 -0.648648
1.42022175e+09 -0.649136
1.42022575e+09 -0.637455
1.42022975e+09 -0.65818
1.42023375e+09 -0.655612
1.42023775e+09 -0.649013
1.42024175e+09 -0.640165
1.42024575e+09 -0.642194
1.42024975e+09 -0.616584
1.42025375e+09 -0.640238
1.42025775e+09 -0.631018
1.42026175e+09 -0.638287
1.42026575e+09 -0.643427
1.42026975e+09 -0.63848
1.42027375e+09 -0.646493
1.42027775e+09 -0.63475
1.42028175e+09 -0.644598
1.42028575e+09 -0.644698
1.42028975e+09 -0.645992
1.42029375e+09 -0.634816
1.42029775e+09 -0.642456
1.42030175e+09 -0.651831
1.42030575e+09 -0.638916
1.42030975e+09 -0.647647
1.42031375e+09 -0.647847
1.42031775e+09 -0.639638
1.42032175e+09 -0.644683
1.42032575e+09 -0.63651
1.42032975e+09 -0.637924
1.42033375e+09 -0.649097
1.42033775e+09 -0.646811
1.42034175e+09 -0.632353
1.42034575e+09 -0.636297
1.42034975e+09 -0.635003
1.42035375e+09 -0.644375
1.42035775e+09 -0.630121
1.42036175e+09 -0.632971
1.42036575e+09 -0.627164
1.42036975e+09 -0.6399
1.42037375e+09 -0.622161
1.42037775e+09 -0.626763
1.42038175e+09 -0.622729
1.42038575e+09 -0.615606
1.42038975e+09 -0.620253
1.42039375e+09 -0.598366
1.42039775e+09 -0.601404
1.42040175e+09 -0.606936
1.42040575e+09 -0.593228
1.42040975e+09 -0.579672
1.42041375e+09 -0.561787
1.42041775e+09 -0.546896
1.42042175e+09 -0.521754
1.42042575e+09 -0.503178
1.42042975e+09 -0.465387
1.42043375e+09 -0.415064
1.42043775e+09 -0.373111
1.42044175e+09 -0.303636
1.42044575e+09 -0.255636
1.42044975e+09 -0.174689
1.42045375e+09 -0.106445
1.42045775e+09 -0.0481419
1.42046175e+09 0.0257004
1.42046575e+09 0.0793691
1.42046975e+09 0.113959
1.42047375e+09 0.12005
1.42047775e+09 0.153587
1.42048175e+09 0.159218
1.42048575e+09 0.202183
1.42048975e+09 0.231626
1.42049375e+09 0.24063
1.42049775e+09 0.238582
1.42050175e+09 0.262379
1.42050575e+09 0.26966
1.42050975e+09 0.265864
1.42051375e+09 0.268773
1.42051775e+09 0.247646
1.42052175e+09 0.237482
1.42052575e+09 0.215693
1.42052975e+09 0.197028
1.42053375e+09 0.171036
1.42053775e+09 0.157223
1.42054175e+09 0.132443
1.42054575e+09 0.119115
1.42054975e+09 0.105913
1.42055375e+09 0.0773152
1.42055775e+09 0.0464581
1.42056175e+09 0.0211777
1.42056575e+09 -0.00424527
1.42056975e+09 -0.0298675
1.42057375e+09 -0.0501656
1.42057775e+09 -0.0839906
1.42058175e+09 -0.102919
1.42058575e+09 -0.138543
1.42058975e+09 -0.184177
1.42059375e+09 -0.221781
1.42059775e+09 -0.28622
1.42060175e+09 -0.304239
1.42060575e+09 -0.344316
1.42060975e+09 -0.383477
1.42061375e+09 -0.399427
1.42061775e+09 -0.426046
1.42062175e+09 -0.478467
1.42062575e+09 -0.504633
1.42062975e+09 -0.525908
1.42063375e+09 -0.533049
1.42063775e+09 -0.548992
1.42064175e+09 -0.55443
1.42064575e+09 -0.566812
1.42064975e+09 -0.566818
1.42065375e+09 -0.58274
1.42065775e+09 -0.592418
1.42066175e+09 -0.596708
1.42066575e+09 -0.616702
1.42066975e+09 -0.615546
1.42067375e+09 -0.625277
1.42067775e+09 -0.635927
1.42068175e+09 -0.628372
1.42068575e+09 -0.636141
1.42068975e+09 -0.630494
1.42069375e+09 -0.62518
1.42069775e+09 -0.627507
1.42070175e+09 -0.628632
1.42070575e+09 -0.640707
1.42070975e+09 -0.651786
1.42071375e+09 -0.650194
1.42071775e+09 -0.647876
1.42072175e+09 -0.663118
1.42072575e+09 -0.641027
1.42072975e+09 -0.660525
1.42073375e+09 -0.655867
1.42073775e+09 -0.649459
1.42074175e+09 -0.644078
1.42074575e+09 -0.656896
1.42074975e+09 -0.655036
1.42075375e+09 -0.653818
1.42075775e+09 -0.636827
1.42076175e+09 -0.64974
1.42076575e+09 -0.653023
1.42076975e+09 -0.665616
1.42077375e+09 -0.649767
1.42077775e+09 -0.647181
1.42078175e+09 -0.654997
1.42078575e+09 -0.635501
1.42078975e+09 -0.636999
1.42079375e+09 -0.645421
1.42079775e+09 -0.644179
1.42080175e+09 -0.652331
1.42080575e+09 -0.641221
1.42080975e+09 -0.655363
1.42081375e+09 -0.655205
1.42081775e+09 -0.651243
1.42082175e+09 -0.650987
1.42082575e+09 -0.65157
1.42082975e+09 -0.650988
1.42083375e+09 -0.652695
1.42083775e+09 -0.639717
1.42084175e+09 -0.661531
1.42084575e+09 -0.647296
1.42084975e+09 -0.652298
1.42085375e+09 -0.658368
1.42085775e+09 -0.645862
1.42086175e+09 -0.647637
1.42086575e+09 -0.65829
1.42086975e+09 -0.636548
1.42087375e+09 -0.645344
1.42087775e+09 -0.631778
1.42088175e+09 -0.651269
1.42088575e+09 -0.646383
1.42088975e+09 -0.657315
1.42089375e+09 -0.63786
1.42089775e+09 -0.652124
1.42090175e+09 -0.649738
1.42090575e+09 -0.656919
1.42090975e+09 -0.639996
1.42091375e+09 -0.644814
1.42091775e+09 -0.64572
1.42092175e+09 -0.662694
1.42092575e+09 -0.641541
1.42092975e+09 -0.627863
1.42093375e+09 -0.628175
1.42093775e+09 -0.654892
1.42094175e+09 -0.64493
1.42094575e+09 -0.638634
1.42094975e+09 -0.642547
1.42095375e+09 -0.652593
1.42095775e+09 -0.639575
1.42096175e+09 -0.644118
1.42096575e+09 -0.62976
1.42096975e+09 -0.648669
1.42097375e+09 -0.637672
1.42097775e+09 -0.656207
1.42098175e+09 -0.641766
1.42098575e+09 -0.639483
1.42098975e+09 -0.630486
1.42099375e+09 -0.630894
1.42099775e+09 -0.633236
1.42100175e+09 -0.63402
1.42100575e+09 -0.637708
1.42100975e+09 -0.637084
1.42101375e+09 -0.637281
1.42101775e+09 -0.638029
1.42102175e+09 -0.651982
1.42102575e+09 -0.643054
1.42102975e+09 -0.651213
1.42103375e+09 -0.653407
1.42103775e+09 -0.654837
1.42104175e+09 -0.64263
1.42104575e+09 -0.652129
1.42104975e+09 -0.641347
1.42105375e+09 -0.640149
1.42105775e+09 -0.635402
1.42106175e+09 -0.628283
1.42106575e+09 -0.634818
1.42106975e+09 -0.634265
1.42107375e+09 -0.63361
1.42107775e+09 -0.617421
1.42108175e+09 -0.618703
1.42108575e+09 -0.639836
1.42108975e+09 -0.635991
1.42109375e+09 -0.646817
1.42109775e+09 -0.63777
1.42110175e+09 -0.625114
1.42110575e+09 -0.646348
1.42110975e+09 -0.617224
1.42111375e+09 -0.628141
1.42111775e+09 -0.644123
1.42112175e+09 -0.635563
1.42112575e+09 -0.630298
1.42112975e+09 -0.62208
1.42113375e+09 -0.642288
1.42113775e+09 -0.631951
1.42114175e+09 -0.631508
1.42114575e+09 -0.641291
1.42114975e+09 -0.62222
1.42115375e+09 -0.639684
1.42115775e+09 -0.636538
1.42116175e+09 -0.638855
1.42116575e+09 -0.624253
1.42116975e+09 -0.618728
1.42117375e+09 -0.639559
1.42117775e+09 -0.629571
1.42118175e+09 -0.624994
1.42118575e+09 -0.632696
1.42118975e+09 -0.618901
1.42119375e+09 -0.63421
1.42119775e+09 -0.631198
1.42120175e+09 -0.626886
1.42120575e+09 -0.619417
1.42120975e+09 -0.618462
1.42121375e+09 -0.6197
1.42121775e+09 -0.617619
1.42122175e+09 -0.609884
1.42122575e+09 -0.628514
1.42122975e+09 -0.636789
1.42123375e+09 -0.63214
1.42123775e+09 -0.615763
1.42124175e+09 -0.614433
1.42124575e+09 -0.614984
1.42124975e+09 -0.61593
1.42125375e+09 -0.608637
1.42125775e+09 -0.61771
1.42126175e+09 -0.61725
1.42126575e+09 -0.617411
1.42126975e+09 -0.616872
1.42127375e+09 -0.618666
1.42127775e+09 -0.615264
1.42128175e+09 -0.612133
1.42128575e+09 -0.600948
1.42128975e+09 -0.613254
1.42129375e+09 -0.610682
1.42129775e+09 -0.59991
1.42130175e+09 -0.609506
1.42130575e+09 -0.613684
1.42130975e+09 -0.604894
1.42131375e+09 -0.610763
1.42131775e+09 -0.616194
1.42132175e+09 -0.60124
1.42132575e+09 -0.599581
1.42132975e+09 -0.599643
1.42133375e+09 -0.601715
1.42133775e+09 -0.608903
1.42134175e+09 -0.605554
1.42134575e+09 -0.608747
1.42134975e+09 -0.61922
1.42135375e+09 -0.610671
1.42135775e+09 -0.610335
1.42136175e+09 -0.60853
1.42136575e+09 -0.601138
1.42136975e+09 -0.604088
1.42137375e+09 -0.614409
1.42137775e+09 -0.611842
1.42138175e+09 -0.600438
1.42138575e+09 -0.628532
1.42138975e+09 -0.605586
1.42139375e+09 -0.624174
1.42139775e+09 -0.611505
1.42140175e+09 -0.629318


