# rtl-power-fftw output
# galactisch: 184
# antenne: 239-52
# dark: dark20170925063727
# data: A184_20170925074050
# -b: 500
# -t: 150
# -g: 300
# -p: 0
# Acquisition start: 2017-09-25 07:40:51 UTC
# Acquisition end: 2017-09-25 07:43:23 UTC
#
# frequency [Hz] power spectral density [dB/Hz]
1.41940575e+09 -0.676828
1.41940975e+09 -0.679231
1.41941375e+09 -0.693949
1.41941775e+09 -0.693068
1.41942175e+09 -0.698803
1.41942575e+09 -0.697671
1.41942975e+09 -0.688704
1.41943375e+09 -0.685815
1.41943775e+09 -0.696599
1.41944175e+09 -0.69419
1.41944575e+09 -0.692796
1.41944975e+09 -0.689011
1.41945375e+09 -0.706624
1.41945775e+09 -0.707894
1.41946175e+09 -0.714889
1.41946575e+09 -0.706732
1.41946975e+09 -0.692798
1.41947375e+09 -0.698535
1.41947775e+09 -0.692903
1.41948175e+09 -0.696128
1.41948575e+09 -0.701523
1.41948975e+09 -0.694158
1.41949375e+09 -0.695586
1.41949775e+09 -0.6881
1.41950175e+09 -0.687329
1.41950575e+09 -0.687118
1.41950975e+09 -0.691863
1.41951375e+09 -0.689724
1.41951775e+09 -0.698464
1.41952175e+09 -0.699208
1.41952575e+09 -0.679492
1.41952975e+09 -0.667041
1.41953375e+09 -0.675586
1.41953775e+09 -0.667483
1.41954175e+09 -0.669554
1.41954575e+09 -0.670633
1.41954975e+09 -0.672458
1.41955375e+09 -0.684102
1.41955775e+09 -0.665344
1.41956175e+09 -0.674466
1.41956575e+09 -0.677433
1.41956975e+09 -0.68032
1.41957375e+09 -0.674015
1.41957775e+09 -0.681314
1.41958175e+09 -0.686874
1.41958575e+09 -0.681211
1.41958975e+09 -0.683061
1.41959375e+09 -0.677433
1.41959775e+09 -0.679267
1.41960175e+09 -0.674024
1.41960575e+09 -0.676587
1.41960975e+09 -0.674265
1.41961375e+09 -0.694185
1.41961775e+09 -0.689412
1.41962175e+09 -0.67576
1.41962575e+09 -0.681749
1.41962975e+09 -0.675719
1.41963375e+09 -0.683072
1.41963775e+09 -0.697846
1.41964175e+09 -0.668397
1.41964575e+09 -0.668734
1.41964975e+09 -0.684268
1.41965375e+09 -0.6783
1.41965775e+09 -0.677418
1.41966175e+09 -0.689304
1.41966575e+09 -0.673916
1.41966975e+09 -0.67985
1.41967375e+09 -0.692267
1.41967775e+09 -0.67251
1.41968175e+09 -0.683821
1.41968575e+09 -0.678761
1.41968975e+09 -0.657723
1.41969375e+09 -0.654789
1.41969775e+09 -0.665902
1.41970175e+09 -0.674322
1.41970575e+09 -0.682883
1.41970975e+09 -0.683797
1.41971375e+09 -0.6826
1.41971775e+09 -0.677383
1.41972175e+09 -0.693849
1.41972575e+09 -0.692977
1.41972975e+09 -0.687428
1.41973375e+09 -0.67777
1.41973775e+09 -0.690843
1.41974175e+09 -0.679115
1.41974575e+09 -0.694897
1.41974975e+09 -0.698279
1.41975375e+09 -0.702246
1.41975775e+09 -0.685542
1.41976175e+09 -0.690676
1.41976575e+09 -0.695647
1.41976975e+09 -0.682685
1.41977375e+09 -0.702369
1.41977775e+09 -0.677041
1.41978175e+09 -0.6946
1.41978575e+09 -0.67574
1.41978975e+09 -0.70628
1.41979375e+09 -0.685757
1.41979775e+09 -0.681125
1.41980175e+09 -0.695136
1.41980575e+09 -0.684171
1.41980975e+09 -0.697732
1.41981375e+09 -0.693735
1.41981775e+09 -0.703066
1.41982175e+09 -0.69423
1.41982575e+09 -0.690098
1.41982975e+09 -0.682955
1.41983375e+09 -0.708999
1.41983775e+09 -0.683782
1.41984175e+09 -0.694429
1.41984575e+09 -0.68975
1.41984975e+09 -0.687563
1.41985375e+09 -0.690822
1.41985775e+09 -0.705966
1.41986175e+09 -0.700661
1.41986575e+09 -0.691597
1.41986975e+09 -0.701599
1.41987375e+09 -0.699863
1.41987775e+09 -0.687904
1.41988175e+09 -0.687764
1.41988575e+09 -0.701126
1.41988975e+09 -0.685856
1.41989375e+09 -0.687481
1.41989775e+09 -0.702244
1.41990175e+09 -0.708447
1.41990575e+09 -0.707581
1.41990975e+09 -0.68255
1.41991375e+09 -0.709194
1.41991775e+09 -0.702928
1.41992175e+09 -0.693319
1.41992575e+09 -0.69245
1.41992975e+09 -0.695386
1.41993375e+09 -0.71646
1.41993775e+09 -0.716501
1.41994175e+09 -0.703571
1.41994575e+09 -0.700695
1.41994975e+09 -0.710185
1.41995375e+09 -0.688396
1.41995775e+09 -0.703249
1.41996175e+09 -0.707594
1.41996575e+09 -0.699001
1.41996975e+09 -0.698419
1.41997375e+09 -0.703148
1.41997775e+09 -0.701257
1.41998175e+09 -0.697123
1.41998575e+09 -0.68701
1.41998975e+09 -0.69643
1.41999375e+09 -0.706061
1.41999775e+09 -0.695667
1.42000175e+09 -0.687635
1.42000575e+09 -0.689556
1.42000975e+09 -0.705579
1.42001375e+09 -0.698037
1.42001775e+09 -0.697282
1.42002175e+09 -0.711409
1.42002575e+09 -0.702609
1.42002975e+09 -0.706692
1.42003375e+09 -0.707747
1.42003775e+09 -0.702994
1.42004175e+09 -0.705511
1.42004575e+09 -0.708994
1.42004975e+09 -0.708752
1.42005375e+09 -0.686543
1.42005775e+09 -0.721739
1.42006175e+09 -0.707139
1.42006575e+09 -0.691789
1.42006975e+09 -0.704811
1.42007375e+09 -0.705421
1.42007775e+09 -0.724565
1.42008175e+09 -0.697988
1.42008575e+09 -0.705067
1.42008975e+09 -0.706556
1.42009375e+09 -0.710279
1.42009775e+09 -0.718914
1.42010175e+09 -0.714404
1.42010575e+09 -0.710874
1.42010975e+09 -0.696335
1.42011375e+09 -0.713244
1.42011775e+09 -0.704605
1.42012175e+09 -0.699109
1.42012575e+09 -0.689157
1.42012975e+09 -0.708368
1.42013375e+09 -0.713578
1.42013775e+09 -0.698149
1.42014175e+09 -0.708413
1.42014575e+09 -0.692432
1.42014975e+09 -0.68219
1.42015375e+09 -0.672772
1.42015775e+09 -0.68189
1.42016175e+09 -0.69045
1.42016575e+09 -0.702076
1.42016975e+09 -0.698928
1.42017375e+09 -0.710759
1.42017775e+09 -0.721793
1.42018175e+09 -0.711753
1.42018575e+09 -0.708005
1.42018975e+09 -0.691213
1.42019375e+09 -0.704903
1.42019775e+09 -0.71991
1.42020175e+09 -0.713259
1.42020575e+09 -0.721068
1.42020975e+09 -0.708149
1.42021375e+09 -0.715585
1.42021775e+09 -0.707235
1.42022175e+09 -0.704594
1.42022575e+09 -0.725187
1.42022975e+09 -0.729057
1.42023375e+09 -0.707926
1.42023775e+09 -0.711446
1.42024175e+09 -0.704843
1.42024575e+09 -0.709188
1.42024975e+09 -0.705348
1.42025375e+09 -0.718136
1.42025775e+09 -0.697094
1.42026175e+09 -0.711452
1.42026575e+09 -0.709084
1.42026975e+09 -0.706543
1.42027375e+09 -0.713689
1.42027775e+09 -0.704907
1.42028175e+09 -0.715346
1.42028575e+09 -0.727155
1.42028975e+09 -0.705498
1.42029375e+09 -0.697526
1.42029775e+09 -0.703871
1.42030175e+09 -0.691701
1.42030575e+09 -0.689296
1.42030975e+09 -0.706472
1.42031375e+09 -0.699295
1.42031775e+09 -0.703555
1.42032175e+09 -0.716207
1.42032575e+09 -0.702759
1.42032975e+09 -0.696378
1.42033375e+09 -0.697735
1.42033775e+09 -0.696222
1.42034175e+09 -0.690937
1.42034575e+09 -0.692066
1.42034975e+09 -0.689066
1.42035375e+09 -0.692327
1.42035775e+09 -0.673651
1.42036175e+09 -0.687506
1.42036575e+09 -0.677523
1.42036975e+09 -0.685571
1.42037375e+09 -0.663473
1.42037775e+09 -0.667947
1.42038175e+09 -0.654234
1.42038575e+09 -0.662028
1.42038975e+09 -0.660872
1.42039375e+09 -0.624078
1.42039775e+09 -0.608863
1.42040175e+09 -0.603471
1.42040575e+09 -0.576846
1.42040975e+09 -0.550499
1.42041375e+09 -0.510691
1.42041775e+09 -0.478433
1.42042175e+09 -0.427346
1.42042575e+09 -0.389301
1.42042975e+09 -0.327029
1.42043375e+09 -0.263704
1.42043775e+09 -0.192396
1.42044175e+09 -0.12173
1.42044575e+09 -0.0731407
1.42044975e+09 0.0201898
1.42045375e+09 0.0732307
1.42045775e+09 0.115373
1.42046175e+09 0.161037
1.42046575e+09 0.188144
1.42046975e+09 0.206247
1.42047375e+09 0.217767
1.42047775e+09 0.221357
1.42048175e+09 0.210689
1.42048575e+09 0.246508
1.42048975e+09 0.257862
1.42049375e+09 0.257221
1.42049775e+09 0.238136
1.42050175e+09 0.248634
1.42050575e+09 0.228214
1.42050975e+09 0.186625
1.42051375e+09 0.158634
1.42051775e+09 0.119411
1.42052175e+09 0.0724083
1.42052575e+09 0.0300567
1.42052975e+09 -0.00061812
1.42053375e+09 -0.0452206
1.42053775e+09 -0.0726075
1.42054175e+09 -0.124845
1.42054575e+09 -0.149491
1.42054975e+09 -0.192102
1.42055375e+09 -0.220541
1.42055775e+09 -0.257763
1.42056175e+09 -0.285863
1.42056575e+09 -0.304494
1.42056975e+09 -0.342476
1.42057375e+09 -0.374113
1.42057775e+09 -0.402053
1.42058175e+09 -0.41673
1.42058575e+09 -0.450187
1.42058975e+09 -0.48929
1.42059375e+09 -0.501411
1.42059775e+09 -0.548122
1.42060175e+09 -0.547958
1.42060575e+09 -0.556514
1.42060975e+09 -0.595206
1.42061375e+09 -0.584531
1.42061775e+09 -0.593933
1.42062175e+09 -0.638037
1.42062575e+09 -0.65713
1.42062975e+09 -0.647802
1.42063375e+09 -0.678452
1.42063775e+09 -0.670234
1.42064175e+09 -0.681143
1.42064575e+09 -0.67877
1.42064975e+09 -0.670161
1.42065375e+09 -0.679816
1.42065775e+09 -0.695828
1.42066175e+09 -0.695713
1.42066575e+09 -0.703266
1.42066975e+09 -0.704175
1.42067375e+09 -0.712955
1.42067775e+09 -0.706827
1.42068175e+09 -0.714696
1.42068575e+09 -0.715612
1.42068975e+09 -0.718591
1.42069375e+09 -0.709914
1.42069775e+09 -0.715865
1.42070175e+09 -0.721137
1.42070575e+09 -0.725282
1.42070975e+09 -0.734223
1.42071375e+09 -0.728385
1.42071775e+09 -0.733746
1.42072175e+09 -0.748881
1.42072575e+09 -0.735334
1.42072975e+09 -0.731338
1.42073375e+09 -0.739167
1.42073775e+09 -0.736192
1.42074175e+09 -0.718869
1.42074575e+09 -0.743248
1.42074975e+09 -0.731098
1.42075375e+09 -0.737317
1.42075775e+09 -0.720203
1.42076175e+09 -0.723041
1.42076575e+09 -0.73549
1.42076975e+09 -0.741438
1.42077375e+09 -0.725919
1.42077775e+09 -0.733773
1.42078175e+09 -0.72898
1.42078575e+09 -0.71711
1.42078975e+09 -0.730203
1.42079375e+09 -0.720334
1.42079775e+09 -0.722322
1.42080175e+09 -0.709115
1.42080575e+09 -0.718962
1.42080975e+09 -0.724292
1.42081375e+09 -0.728516
1.42081775e+09 -0.722376
1.42082175e+09 -0.721371
1.42082575e+09 -0.737183
1.42082975e+09 -0.705748
1.42083375e+09 -0.719785
1.42083775e+09 -0.714564
1.42084175e+09 -0.72818
1.42084575e+09 -0.729635
1.42084975e+09 -0.72097
1.42085375e+09 -0.72486
1.42085775e+09 -0.72216
1.42086175e+09 -0.717876
1.42086575e+09 -0.724433
1.42086975e+09 -0.717564
1.42087375e+09 -0.717692
1.42087775e+09 -0.714445
1.42088175e+09 -0.718228
1.42088575e+09 -0.718531
1.42088975e+09 -0.729087
1.42089375e+09 -0.712951
1.42089775e+09 -0.722145
1.42090175e+09 -0.723079
1.42090575e+09 -0.733637
1.42090975e+09 -0.726262
1.42091375e+09 -0.71499
1.42091775e+09 -0.706964
1.42092175e+09 -0.70829
1.42092575e+09 -0.707654
1.42092975e+09 -0.697042
1.42093375e+09 -0.685216
1.42093775e+09 -0.713568
1.42094175e+09 -0.719621
1.42094575e+09 -0.715176
1.42094975e+09 -0.731023
1.42095375e+09 -0.717785
1.42095775e+09 -0.699125
1.42096175e+09 -0.700568
1.42096575e+09 -0.705785
1.42096975e+09 -0.712045
1.42097375e+09 -0.705527
1.42097775e+09 -0.728282
1.42098175e+09 -0.716102
1.42098575e+09 -0.695497
1.42098975e+09 -0.724235
1.42099375e+09 -0.709341
1.42099775e+09 -0.703453
1.42100175e+09 -0.700422
1.42100575e+09 -0.706119
1.42100975e+09 -0.698727
1.42101375e+09 -0.713935
1.42101775e+09 -0.707628
1.42102175e+09 -0.705438
1.42102575e+09 -0.719614
1.42102975e+09 -0.720556
1.42103375e+09 -0.720021
1.42103775e+09 -0.714548
1.42104175e+09 -0.701221
1.42104575e+09 -0.721188
1.42104975e+09 -0.71135
1.42105375e+09 -0.720903
1.42105775e+09 -0.703793
1.42106175e+09 -0.700642
1.42106575e+09 -0.708219
1.42106975e+09 -0.698228
1.42107375e+09 -0.701271
1.42107775e+09 -0.686161
1.42108175e+09 -0.690236
1.42108575e+09 -0.707315
1.42108975e+09 -0.693469
1.42109375e+09 -0.715512
1.42109775e+09 -0.711692
1.42110175e+09 -0.691197
1.42110575e+09 -0.704916
1.42110975e+09 -0.693522
1.42111375e+09 -0.697261
1.42111775e+09 -0.704662
1.42112175e+09 -0.709565
1.42112575e+09 -0.702908
1.42112975e+09 -0.693424
1.42113375e+09 -0.703682
1.42113775e+09 -0.702663
1.42114175e+09 -0.708359
1.42114575e+09 -0.71657
1.42114975e+09 -0.695057
1.42115375e+09 -0.710083
1.42115775e+09 -0.694474
1.42116175e+09 -0.71108
1.42116575e+09 -0.697528
1.42116975e+09 -0.692254
1.42117375e+09 -0.70318
1.42117775e+09 -0.698225
1.42118175e+09 -0.693844
1.42118575e+09 -0.709525
1.42118975e+09 -0.70842
1.42119375e+09 -0.699878
1.42119775e+09 -0.697881
1.42120175e+09 -0.700734
1.42120575e+09 -0.696652
1.42120975e+09 -0.684882
1.42121375e+09 -0.686712
1.42121775e+09 -0.693048
1.42122175e+09 -0.684407
1.42122575e+09 -0.70722
1.42122975e+09 -0.691146
1.42123375e+09 -0.712593
1.42123775e+09 -0.681451
1.42124175e+09 -0.706242
1.42124575e+09 -0.688023
1.42124975e+09 -0.693526
1.42125375e+09 -0.708095
1.42125775e+09 -0.680473
1.42126175e+09 -0.679994
1.42126575e+09 -0.704147
1.42126975e+09 -0.685792
1.42127375e+09 -0.686681
1.42127775e+09 -0.676545
1.42128175e+09 -0.684465
1.42128575e+09 -0.678044
1.42128975e+09 -0.685713
1.42129375e+09 -0.672125
1.42129775e+09 -0.666322
1.42130175e+09 -0.669013
1.42130575e+09 -0.684064
1.42130975e+09 -0.673318
1.42131375e+09 -0.67274
1.42131775e+09 -0.663618
1.42132175e+09 -0.667831
1.42132575e+09 -0.675219
1.42132975e+09 -0.683937
1.42133375e+09 -0.671421
1.42133775e+09 -0.679778
1.42134175e+09 -0.672963
1.42134575e+09 -0.681387
1.42134975e+09 -0.677758
1.42135375e+09 -0.669952
1.42135775e+09 -0.684702
1.42136175e+09 -0.673975
1.42136575e+09 -0.660573
1.42136975e+09 -0.658665
1.42137375e+09 -0.680488
1.42137775e+09 -0.685299
1.42138175e+09 -0.663636
1.42138575e+09 -0.687493
1.42138975e+09 -0.663877
1.42139375e+09 -0.665251
1.42139775e+09 -0.676682
1.42140175e+09 -0.666688


