# rtl-power-fftw output
# galactisch: 188
# antenne: 236-49
# dark: dark20170925063727
# data: A188_20170925075006
# -b: 500
# -t: 150
# -g: 300
# -p: 0
# Acquisition start: 2017-09-25 07:50:07 UTC
# Acquisition end: 2017-09-25 07:52:39 UTC
#
# frequency [Hz] power spectral density [dB/Hz]
1.41940575e+09 -0.621701
1.41940975e+09 -0.631017
1.41941375e+09 -0.62741
1.41941775e+09 -0.623255
1.41942175e+09 -0.626998
1.41942575e+09 -0.626208
1.41942975e+09 -0.625946
1.41943375e+09 -0.621517
1.41943775e+09 -0.616126
1.41944175e+09 -0.605725
1.41944575e+09 -0.606406
1.41944975e+09 -0.605425
1.41945375e+09 -0.601079
1.41945775e+09 -0.610461
1.41946175e+09 -0.611239
1.41946575e+09 -0.604207
1.41946975e+09 -0.592568
1.41947375e+09 -0.603219
1.41947775e+09 -0.58865
1.41948175e+09 -0.588687
1.41948575e+09 -0.595303
1.41948975e+09 -0.581842
1.41949375e+09 -0.584385
1.41949775e+09 -0.588126
1.41950175e+09 -0.582784
1.41950575e+09 -0.574307
1.41950975e+09 -0.576509
1.41951375e+09 -0.579654
1.41951775e+09 -0.581454
1.41952175e+09 -0.584498
1.41952575e+09 -0.569358
1.41952975e+09 -0.563158
1.41953375e+09 -0.557072
1.41953775e+09 -0.55241
1.41954175e+09 -0.56599
1.41954575e+09 -0.562811
1.41954975e+09 -0.5583
1.41955375e+09 -0.568354
1.41955775e+09 -0.561426
1.41956175e+09 -0.556264
1.41956575e+09 -0.560313
1.41956975e+09 -0.563317
1.41957375e+09 -0.568974
1.41957775e+09 -0.55934
1.41958175e+09 -0.565054
1.41958575e+09 -0.560982
1.41958975e+09 -0.560546
1.41959375e+09 -0.568416
1.41959775e+09 -0.567138
1.41960175e+09 -0.564715
1.41960575e+09 -0.573692
1.41960975e+09 -0.557586
1.41961375e+09 -0.57555
1.41961775e+09 -0.56807
1.41962175e+09 -0.568195
1.41962575e+09 -0.582326
1.41962975e+09 -0.562339
1.41963375e+09 -0.573808
1.41963775e+09 -0.587332
1.41964175e+09 -0.569098
1.41964575e+09 -0.560407
1.41964975e+09 -0.57286
1.41965375e+09 -0.571762
1.41965775e+09 -0.564314
1.41966175e+09 -0.580531
1.41966575e+09 -0.581261
1.41966975e+09 -0.568483
1.41967375e+09 -0.579592
1.41967775e+09 -0.578678
1.41968175e+09 -0.581527
1.41968575e+09 -0.564706
1.41968975e+09 -0.563376
1.41969375e+09 -0.576466
1.41969775e+09 -0.57467
1.41970175e+09 -0.572051
1.41970575e+09 -0.571157
1.41970975e+09 -0.58716
1.41971375e+09 -0.591129
1.41971775e+09 -0.589798
1.41972175e+09 -0.583754
1.41972575e+09 -0.584603
1.41972975e+09 -0.58623
1.41973375e+09 -0.563775
1.41973775e+09 -0.590289
1.41974175e+09 -0.584634
1.41974575e+09 -0.592358
1.41974975e+09 -0.586796
1.41975375e+09 -0.58712
1.41975775e+09 -0.588353
1.41976175e+09 -0.580555
1.41976575e+09 -0.579775
1.41976975e+09 -0.583334
1.41977375e+09 -0.591287
1.41977775e+09 -0.591596
1.41978175e+09 -0.580109
1.41978575e+09 -0.593102
1.41978975e+09 -0.592724
1.41979375e+09 -0.593441
1.41979775e+09 -0.586035
1.41980175e+09 -0.587831
1.41980575e+09 -0.585595
1.41980975e+09 -0.602945
1.41981375e+09 -0.596133
1.41981775e+09 -0.602659
1.41982175e+09 -0.589103
1.41982575e+09 -0.590745
1.41982975e+09 -0.599792
1.41983375e+09 -0.607754
1.41983775e+09 -0.600804
1.41984175e+09 -0.605179
1.41984575e+09 -0.589199
1.41984975e+09 -0.586142
1.41985375e+09 -0.601438
1.41985775e+09 -0.606392
1.41986175e+09 -0.611772
1.41986575e+09 -0.597247
1.41986975e+09 -0.605591
1.41987375e+09 -0.595226
1.41987775e+09 -0.593862
1.41988175e+09 -0.5931
1.41988575e+09 -0.601356
1.41988975e+09 -0.594325
1.41989375e+09 -0.601705
1.41989775e+09 -0.600853
1.41990175e+09 -0.614163
1.41990575e+09 -0.606089
1.41990975e+09 -0.594072
1.41991375e+09 -0.616003
1.41991775e+09 -0.609353
1.41992175e+09 -0.615657
1.41992575e+09 -0.605918
1.41992975e+09 -0.60773
1.41993375e+09 -0.62217
1.41993775e+09 -0.604831
1.41994175e+09 -0.597363
1.41994575e+09 -0.618321
1.41994975e+09 -0.612279
1.41995375e+09 -0.60256
1.41995775e+09 -0.61012
1.41996175e+09 -0.609595
1.41996575e+09 -0.605844
1.41996975e+09 -0.608127
1.41997375e+09 -0.624916
1.41997775e+09 -0.614358
1.41998175e+09 -0.611386
1.41998575e+09 -0.612246
1.41998975e+09 -0.611561
1.41999375e+09 -0.625913
1.41999775e+09 -0.609974
1.42000175e+09 -0.587818
1.42000575e+09 -0.606379
1.42000975e+09 -0.62213
1.42001375e+09 -0.623025
1.42001775e+09 -0.624121
1.42002175e+09 -0.620524
1.42002575e+09 -0.611209
1.42002975e+09 -0.607512
1.42003375e+09 -0.613379
1.42003775e+09 -0.615202
1.42004175e+09 -0.620411
1.42004575e+09 -0.615775
1.42004975e+09 -0.606719
1.42005375e+09 -0.595966
1.42005775e+09 -0.627234
1.42006175e+09 -0.615592
1.42006575e+09 -0.61937
1.42006975e+09 -0.616757
1.42007375e+09 -0.619906
1.42007775e+09 -0.630428
1.42008175e+09 -0.618403
1.42008575e+09 -0.611586
1.42008975e+09 -0.628869
1.42009375e+09 -0.630745
1.42009775e+09 -0.638469
1.42010175e+09 -0.626059
1.42010575e+09 -0.633035
1.42010975e+09 -0.612479
1.42011375e+09 -0.631667
1.42011775e+09 -0.625534
1.42012175e+09 -0.621838
1.42012575e+09 -0.623775
1.42012975e+09 -0.624203
1.42013375e+09 -0.621955
1.42013775e+09 -0.626418
1.42014175e+09 -0.625822
1.42014575e+09 -0.620172
1.42014975e+09 -0.629925
1.42015375e+09 -0.61156
1.42015775e+09 -0.61126
1.42016175e+09 -0.619651
1.42016575e+09 -0.618246
1.42016975e+09 -0.622274
1.42017375e+09 -0.628428
1.42017775e+09 -0.637698
1.42018175e+09 -0.63768
1.42018575e+09 -0.630482
1.42018975e+09 -0.619588
1.42019375e+09 -0.633755
1.42019775e+09 -0.632917
1.42020175e+09 -0.647442
1.42020575e+09 -0.63494
1.42020975e+09 -0.64245
1.42021375e+09 -0.639121
1.42021775e+09 -0.634319
1.42022175e+09 -0.642013
1.42022575e+09 -0.63139
1.42022975e+09 -0.638218
1.42023375e+09 -0.637647
1.42023775e+09 -0.633492
1.42024175e+09 -0.637424
1.42024575e+09 -0.626361
1.42024975e+09 -0.644309
1.42025375e+09 -0.63433
1.42025775e+09 -0.622589
1.42026175e+09 -0.637308
1.42026575e+09 -0.635507
1.42026975e+09 -0.634997
1.42027375e+09 -0.636962
1.42027775e+09 -0.627394
1.42028175e+09 -0.634768
1.42028575e+09 -0.63602
1.42028975e+09 -0.630908
1.42029375e+09 -0.62198
1.42029775e+09 -0.628465
1.42030175e+09 -0.618425
1.42030575e+09 -0.61357
1.42030975e+09 -0.610048
1.42031375e+09 -0.609944
1.42031775e+09 -0.616047
1.42032175e+09 -0.629849
1.42032575e+09 -0.60695
1.42032975e+09 -0.601582
1.42033375e+09 -0.615866
1.42033775e+09 -0.60365
1.42034175e+09 -0.610203
1.42034575e+09 -0.602364
1.42034975e+09 -0.586016
1.42035375e+09 -0.582215
1.42035775e+09 -0.571344
1.42036175e+09 -0.553095
1.42036575e+09 -0.54615
1.42036975e+09 -0.539437
1.42037375e+09 -0.523497
1.42037775e+09 -0.500828
1.42038175e+09 -0.478341
1.42038575e+09 -0.468072
1.42038975e+09 -0.439585
1.42039375e+09 -0.399581
1.42039775e+09 -0.373451
1.42040175e+09 -0.347126
1.42040575e+09 -0.296184
1.42040975e+09 -0.245963
1.42041375e+09 -0.187736
1.42041775e+09 -0.153979
1.42042175e+09 -0.0944867
1.42042575e+09 -0.0530359
1.42042975e+09 0.0161612
1.42043375e+09 0.0660727
1.42043775e+09 0.123764
1.42044175e+09 0.18344
1.42044575e+09 0.224727
1.42044975e+09 0.282896
1.42045375e+09 0.310188
1.42045775e+09 0.332055
1.42046175e+09 0.352567
1.42046575e+09 0.378168
1.42046975e+09 0.381235
1.42047375e+09 0.378501
1.42047775e+09 0.355898
1.42048175e+09 0.333983
1.42048575e+09 0.328911
1.42048975e+09 0.312689
1.42049375e+09 0.287921
1.42049775e+09 0.240761
1.42050175e+09 0.213263
1.42050575e+09 0.175744
1.42050975e+09 0.104645
1.42051375e+09 0.0498956
1.42051775e+09 0.00332356
1.42052175e+09 -0.0706131
1.42052575e+09 -0.111318
1.42052975e+09 -0.163032
1.42053375e+09 -0.214195
1.42053775e+09 -0.251124
1.42054175e+09 -0.29732
1.42054575e+09 -0.325327
1.42054975e+09 -0.369285
1.42055375e+09 -0.391153
1.42055775e+09 -0.434835
1.42056175e+09 -0.459048
1.42056575e+09 -0.465578
1.42056975e+09 -0.497021
1.42057375e+09 -0.518833
1.42057775e+09 -0.546322
1.42058175e+09 -0.543954
1.42058575e+09 -0.549287
1.42058975e+09 -0.564679
1.42059375e+09 -0.56958
1.42059775e+09 -0.609616
1.42060175e+09 -0.599216
1.42060575e+09 -0.58473
1.42060975e+09 -0.608937
1.42061375e+09 -0.615742
1.42061775e+09 -0.623766
1.42062175e+09 -0.642274
1.42062575e+09 -0.645783
1.42062975e+09 -0.633028
1.42063375e+09 -0.635807
1.42063775e+09 -0.650061
1.42064175e+09 -0.641266
1.42064575e+09 -0.64917
1.42064975e+09 -0.648968
1.42065375e+09 -0.654558
1.42065775e+09 -0.6614
1.42066175e+09 -0.66001
1.42066575e+09 -0.666206
1.42066975e+09 -0.668281
1.42067375e+09 -0.680478
1.42067775e+09 -0.68944
1.42068175e+09 -0.671338
1.42068575e+09 -0.679169
1.42068975e+09 -0.676183
1.42069375e+09 -0.681434
1.42069775e+09 -0.673118
1.42070175e+09 -0.666363
1.42070575e+09 -0.671581
1.42070975e+09 -0.684153
1.42071375e+09 -0.680249
1.42071775e+09 -0.701522
1.42072175e+09 -0.698057
1.42072575e+09 -0.695925
1.42072975e+09 -0.694415
1.42073375e+09 -0.697531
1.42073775e+09 -0.696732
1.42074175e+09 -0.679587
1.42074575e+09 -0.700602
1.42074975e+09 -0.697737
1.42075375e+09 -0.688765
1.42075775e+09 -0.667372
1.42076175e+09 -0.684088
1.42076575e+09 -0.684818
1.42076975e+09 -0.6978
1.42077375e+09 -0.691992
1.42077775e+09 -0.679016
1.42078175e+09 -0.68032
1.42078575e+09 -0.680316
1.42078975e+09 -0.676785
1.42079375e+09 -0.676332
1.42079775e+09 -0.665199
1.42080175e+09 -0.680691
1.42080575e+09 -0.673506
1.42080975e+09 -0.681098
1.42081375e+09 -0.68198
1.42081775e+09 -0.693906
1.42082175e+09 -0.670152
1.42082575e+09 -0.697484
1.42082975e+09 -0.66906
1.42083375e+09 -0.678156
1.42083775e+09 -0.680401
1.42084175e+09 -0.680694
1.42084575e+09 -0.687252
1.42084975e+09 -0.666231
1.42085375e+09 -0.682279
1.42085775e+09 -0.681631
1.42086175e+09 -0.676318
1.42086575e+09 -0.684924
1.42086975e+09 -0.683491
1.42087375e+09 -0.667067
1.42087775e+09 -0.671167
1.42088175e+09 -0.673659
1.42088575e+09 -0.67163
1.42088975e+09 -0.677701
1.42089375e+09 -0.677924
1.42089775e+09 -0.677773
1.42090175e+09 -0.685809
1.42090575e+09 -0.675745
1.42090975e+09 -0.688041
1.42091375e+09 -0.673546
1.42091775e+09 -0.669701
1.42092175e+09 -0.684768
1.42092575e+09 -0.6694
1.42092975e+09 -0.665947
1.42093375e+09 -0.663064
1.42093775e+09 -0.678526
1.42094175e+09 -0.678403
1.42094575e+09 -0.681498
1.42094975e+09 -0.687824
1.42095375e+09 -0.686983
1.42095775e+09 -0.681855
1.42096175e+09 -0.669782
1.42096575e+09 -0.686533
1.42096975e+09 -0.687782
1.42097375e+09 -0.664456
1.42097775e+09 -0.686136
1.42098175e+09 -0.685482
1.42098575e+09 -0.678024
1.42098975e+09 -0.684306
1.42099375e+09 -0.680037
1.42099775e+09 -0.681946
1.42100175e+09 -0.671178
1.42100575e+09 -0.687425
1.42100975e+09 -0.672328
1.42101375e+09 -0.66359
1.42101775e+09 -0.682831
1.42102175e+09 -0.682067
1.42102575e+09 -0.675171
1.42102975e+09 -0.692054
1.42103375e+09 -0.693861
1.42103775e+09 -0.688705
1.42104175e+09 -0.665445
1.42104575e+09 -0.690519
1.42104975e+09 -0.67962
1.42105375e+09 -0.67997
1.42105775e+09 -0.676416
1.42106175e+09 -0.677214
1.42106575e+09 -0.67388
1.42106975e+09 -0.672448
1.42107375e+09 -0.674403
1.42107775e+09 -0.664173
1.42108175e+09 -0.672426
1.42108575e+09 -0.680026
1.42108975e+09 -0.665336
1.42109375e+09 -0.697985
1.42109775e+09 -0.687981
1.42110175e+09 -0.673326
1.42110575e+09 -0.674126
1.42110975e+09 -0.668615
1.42111375e+09 -0.671135
1.42111775e+09 -0.683579
1.42112175e+09 -0.686409
1.42112575e+09 -0.679977
1.42112975e+09 -0.675925
1.42113375e+09 -0.689078
1.42113775e+09 -0.679478
1.42114175e+09 -0.672806
1.42114575e+09 -0.696712
1.42114975e+09 -0.67014
1.42115375e+09 -0.695539
1.42115775e+09 -0.686185
1.42116175e+09 -0.68537
1.42116575e+09 -0.675591
1.42116975e+09 -0.679363
1.42117375e+09 -0.678376
1.42117775e+09 -0.677504
1.42118175e+09 -0.671016
1.42118575e+09 -0.689357
1.42118975e+09 -0.67307
1.42119375e+09 -0.675464
1.42119775e+09 -0.67187
1.42120175e+09 -0.682726
1.42120575e+09 -0.683566
1.42120975e+09 -0.67445
1.42121375e+09 -0.688804
1.42121775e+09 -0.664362
1.42122175e+09 -0.673433
1.42122575e+09 -0.681598
1.42122975e+09 -0.680088
1.42123375e+09 -0.6896
1.42123775e+09 -0.667359
1.42124175e+09 -0.677491
1.42124575e+09 -0.655533
1.42124975e+09 -0.67552
1.42125375e+09 -0.671378
1.42125775e+09 -0.6845
1.42126175e+09 -0.65862
1.42126575e+09 -0.679846
1.42126975e+09 -0.677118
1.42127375e+09 -0.675043
1.42127775e+09 -0.659354
1.42128175e+09 -0.661988
1.42128575e+09 -0.667658
1.42128975e+09 -0.67589
1.42129375e+09 -0.662375
1.42129775e+09 -0.65773
1.42130175e+09 -0.66362
1.42130575e+09 -0.656224
1.42130975e+09 -0.663933
1.42131375e+09 -0.659767
1.42131775e+09 -0.655162
1.42132175e+09 -0.639796
1.42132575e+09 -0.656261
1.42132975e+09 -0.655331
1.42133375e+09 -0.653779
1.42133775e+09 -0.654218
1.42134175e+09 -0.653518
1.42134575e+09 -0.651964
1.42134975e+09 -0.642695
1.42135375e+09 -0.651474
1.42135775e+09 -0.654235
1.42136175e+09 -0.650947
1.42136575e+09 -0.642883
1.42136975e+09 -0.639192
1.42137375e+09 -0.651294
1.42137775e+09 -0.639137
1.42138175e+09 -0.632812
1.42138575e+09 -0.642815
1.42138975e+09 -0.625983
1.42139375e+09 -0.631674
1.42139775e+09 -0.63062
1.42140175e+09 -0.624423


