# rtl-power-fftw output
# galactisch: 192
# antenne: 232-47
# dark: dark20170925063727
# data: A192_20170925075430
# -b: 500
# -t: 150
# -g: 300
# -p: 0
# Acquisition start: 2017-09-25 07:54:31 UTC
# Acquisition end: 2017-09-25 07:57:03 UTC
#
# frequency [Hz] power spectral density [dB/Hz]
1.41940575e+09 -0.796007
1.41940975e+09 -0.796046
1.41941375e+09 -0.805326
1.41941775e+09 -0.790536
1.41942175e+09 -0.785067
1.41942575e+09 -0.803638
1.41942975e+09 -0.788462
1.41943375e+09 -0.778405
1.41943775e+09 -0.778658
1.41944175e+09 -0.766756
1.41944575e+09 -0.767364
1.41944975e+09 -0.768128
1.41945375e+09 -0.770845
1.41945775e+09 -0.771081
1.41946175e+09 -0.775495
1.41946575e+09 -0.766925
1.41946975e+09 -0.754162
1.41947375e+09 -0.752173
1.41947775e+09 -0.743001
1.41948175e+09 -0.75438
1.41948575e+09 -0.744366
1.41948975e+09 -0.735664
1.41949375e+09 -0.740065
1.41949775e+09 -0.73259
1.41950175e+09 -0.731764
1.41950575e+09 -0.716464
1.41950975e+09 -0.713832
1.41951375e+09 -0.711739
1.41951775e+09 -0.698944
1.41952175e+09 -0.727978
1.41952575e+09 -0.70361
1.41952975e+09 -0.700017
1.41953375e+09 -0.698196
1.41953775e+09 -0.705336
1.41954175e+09 -0.706193
1.41954575e+09 -0.700032
1.41954975e+09 -0.696848
1.41955375e+09 -0.698547
1.41955775e+09 -0.693794
1.41956175e+09 -0.700085
1.41956575e+09 -0.701651
1.41956975e+09 -0.698237
1.41957375e+09 -0.7036
1.41957775e+09 -0.689355
1.41958175e+09 -0.696068
1.41958575e+09 -0.701697
1.41958975e+09 -0.709138
1.41959375e+09 -0.700007
1.41959775e+09 -0.699657
1.41960175e+09 -0.697802
1.41960575e+09 -0.704429
1.41960975e+09 -0.704584
1.41961375e+09 -0.715841
1.41961775e+09 -0.70405
1.41962175e+09 -0.70753
1.41962575e+09 -0.720705
1.41962975e+09 -0.694824
1.41963375e+09 -0.711545
1.41963775e+09 -0.709209
1.41964175e+09 -0.696909
1.41964575e+09 -0.696271
1.41964975e+09 -0.712153
1.41965375e+09 -0.697322
1.41965775e+09 -0.698658
1.41966175e+09 -0.720074
1.41966575e+09 -0.714203
1.41966975e+09 -0.699496
1.41967375e+09 -0.70982
1.41967775e+09 -0.70863
1.41968175e+09 -0.718229
1.41968575e+09 -0.708673
1.41968975e+09 -0.704149
1.41969375e+09 -0.720118
1.41969775e+09 -0.715402
1.41970175e+09 -0.709937
1.41970575e+09 -0.711553
1.41970975e+09 -0.711434
1.41971375e+09 -0.727428
1.41971775e+09 -0.72313
1.41972175e+09 -0.730515
1.41972575e+09 -0.728736
1.41972975e+09 -0.715913
1.41973375e+09 -0.704062
1.41973775e+09 -0.732433
1.41974175e+09 -0.715136
1.41974575e+09 -0.722655
1.41974975e+09 -0.735395
1.41975375e+09 -0.72332
1.41975775e+09 -0.727089
1.41976175e+09 -0.721064
1.41976575e+09 -0.725281
1.41976975e+09 -0.711763
1.41977375e+09 -0.733514
1.41977775e+09 -0.72831
1.41978175e+09 -0.720127
1.41978575e+09 -0.727585
1.41978975e+09 -0.731245
1.41979375e+09 -0.726535
1.41979775e+09 -0.727178
1.41980175e+09 -0.728416
1.41980575e+09 -0.727
1.41980975e+09 -0.738874
1.41981375e+09 -0.748822
1.41981775e+09 -0.742572
1.41982175e+09 -0.729366
1.41982575e+09 -0.736802
1.41982975e+09 -0.727886
1.41983375e+09 -0.746638
1.41983775e+09 -0.742186
1.41984175e+09 -0.734654
1.41984575e+09 -0.730546
1.41984975e+09 -0.731908
1.41985375e+09 -0.732341
1.41985775e+09 -0.731206
1.41986175e+09 -0.733851
1.41986575e+09 -0.734675
1.41986975e+09 -0.747645
1.41987375e+09 -0.748473
1.41987775e+09 -0.735127
1.41988175e+09 -0.739123
1.41988575e+09 -0.747695
1.41988975e+09 -0.741357
1.41989375e+09 -0.730869
1.41989775e+09 -0.755291
1.41990175e+09 -0.743178
1.41990575e+09 -0.739552
1.41990975e+09 -0.725803
1.41991375e+09 -0.742637
1.41991775e+09 -0.755391
1.41992175e+09 -0.741228
1.41992575e+09 -0.740017
1.41992975e+09 -0.743489
1.41993375e+09 -0.764882
1.41993775e+09 -0.754275
1.41994175e+09 -0.743377
1.41994575e+09 -0.748707
1.41994975e+09 -0.76826
1.41995375e+09 -0.749972
1.41995775e+09 -0.763643
1.41996175e+09 -0.761444
1.41996575e+09 -0.751574
1.41996975e+09 -0.744162
1.41997375e+09 -0.7557
1.41997775e+09 -0.749109
1.41998175e+09 -0.768949
1.41998575e+09 -0.757989
1.41998975e+09 -0.767257
1.41999375e+09 -0.753521
1.41999775e+09 -0.749952
1.42000175e+09 -0.756851
1.42000575e+09 -0.767917
1.42000975e+09 -0.754511
1.42001375e+09 -0.771019
1.42001775e+09 -0.770954
1.42002175e+09 -0.758617
1.42002575e+09 -0.756017
1.42002975e+09 -0.764706
1.42003375e+09 -0.76858
1.42003775e+09 -0.755597
1.42004175e+09 -0.76818
1.42004575e+09 -0.767235
1.42004975e+09 -0.752768
1.42005375e+09 -0.752611
1.42005775e+09 -0.784741
1.42006175e+09 -0.759351
1.42006575e+09 -0.760342
1.42006975e+09 -0.766661
1.42007375e+09 -0.769357
1.42007775e+09 -0.763375
1.42008175e+09 -0.768843
1.42008575e+09 -0.754526
1.42008975e+09 -0.785217
1.42009375e+09 -0.778889
1.42009775e+09 -0.795498
1.42010175e+09 -0.774443
1.42010575e+09 -0.7691
1.42010975e+09 -0.764834
1.42011375e+09 -0.781227
1.42011775e+09 -0.783299
1.42012175e+09 -0.768075
1.42012575e+09 -0.76835
1.42012975e+09 -0.764147
1.42013375e+09 -0.768927
1.42013775e+09 -0.767319
1.42014175e+09 -0.770477
1.42014575e+09 -0.776099
1.42014975e+09 -0.777031
1.42015375e+09 -0.767662
1.42015775e+09 -0.770701
1.42016175e+09 -0.76586
1.42016575e+09 -0.765463
1.42016975e+09 -0.77837
1.42017375e+09 -0.775977
1.42017775e+09 -0.794922
1.42018175e+09 -0.790511
1.42018575e+09 -0.777618
1.42018975e+09 -0.774472
1.42019375e+09 -0.783822
1.42019775e+09 -0.783428
1.42020175e+09 -0.781033
1.42020575e+09 -0.794004
1.42020975e+09 -0.783276
1.42021375e+09 -0.79125
1.42021775e+09 -0.787091
1.42022175e+09 -0.7838
1.42022575e+09 -0.780871
1.42022975e+09 -0.784239
1.42023375e+09 -0.787999
1.42023775e+09 -0.796209
1.42024175e+09 -0.781278
1.42024575e+09 -0.771998
1.42024975e+09 -0.764046
1.42025375e+09 -0.788209
1.42025775e+09 -0.767436
1.42026175e+09 -0.774725
1.42026575e+09 -0.786543
1.42026975e+09 -0.770541
1.42027375e+09 -0.773662
1.42027775e+09 -0.761635
1.42028175e+09 -0.780923
1.42028575e+09 -0.784562
1.42028975e+09 -0.77277
1.42029375e+09 -0.756041
1.42029775e+09 -0.768196
1.42030175e+09 -0.754861
1.42030575e+09 -0.72466
1.42030975e+09 -0.750899
1.42031375e+09 -0.746475
1.42031775e+09 -0.74176
1.42032175e+09 -0.740444
1.42032575e+09 -0.727555
1.42032975e+09 -0.714793
1.42033375e+09 -0.720407
1.42033775e+09 -0.699363
1.42034175e+09 -0.681337
1.42034575e+09 -0.659252
1.42034975e+09 -0.665043
1.42035375e+09 -0.64406
1.42035775e+09 -0.619905
1.42036175e+09 -0.596266
1.42036575e+09 -0.585433
1.42036975e+09 -0.566049
1.42037375e+09 -0.516222
1.42037775e+09 -0.494742
1.42038175e+09 -0.466669
1.42038575e+09 -0.440582
1.42038975e+09 -0.397028
1.42039375e+09 -0.341219
1.42039775e+09 -0.303655
1.42040175e+09 -0.260572
1.42040575e+09 -0.208961
1.42040975e+09 -0.158087
1.42041375e+09 -0.113855
1.42041775e+09 -0.0917833
1.42042175e+09 -0.0335158
1.42042575e+09 -0.0115781
1.42042975e+09 0.0396941
1.42043375e+09 0.0763586
1.42043775e+09 0.109817
1.42044175e+09 0.140836
1.42044575e+09 0.156959
1.42044975e+09 0.178622
1.42045375e+09 0.180221
1.42045775e+09 0.184321
1.42046175e+09 0.184971
1.42046575e+09 0.171257
1.42046975e+09 0.17506
1.42047375e+09 0.137918
1.42047775e+09 0.121701
1.42048175e+09 0.0712466
1.42048575e+09 0.0437453
1.42048975e+09 0.0132568
1.42049375e+09 -0.0100905
1.42049775e+09 -0.0775372
1.42050175e+09 -0.0947083
1.42050575e+09 -0.143312
1.42050975e+09 -0.220834
1.42051375e+09 -0.269682
1.42051775e+09 -0.314909
1.42052175e+09 -0.388977
1.42052575e+09 -0.438523
1.42052975e+09 -0.482193
1.42053375e+09 -0.528563
1.42053775e+09 -0.562409
1.42054175e+09 -0.598956
1.42054575e+09 -0.619935
1.42054975e+09 -0.655277
1.42055375e+09 -0.673704
1.42055775e+09 -0.703293
1.42056175e+09 -0.72654
1.42056575e+09 -0.730668
1.42056975e+09 -0.748634
1.42057375e+09 -0.765061
1.42057775e+09 -0.769245
1.42058175e+09 -0.77832
1.42058575e+09 -0.768857
1.42058975e+09 -0.787655
1.42059375e+09 -0.799932
1.42059775e+09 -0.812245
1.42060175e+09 -0.803122
1.42060575e+09 -0.795224
1.42060975e+09 -0.800052
1.42061375e+09 -0.807797
1.42061775e+09 -0.819734
1.42062175e+09 -0.826605
1.42062575e+09 -0.828954
1.42062975e+09 -0.820249
1.42063375e+09 -0.835707
1.42063775e+09 -0.81639
1.42064175e+09 -0.835568
1.42064575e+09 -0.829769
1.42064975e+09 -0.829324
1.42065375e+09 -0.837376
1.42065775e+09 -0.83596
1.42066175e+09 -0.827136
1.42066575e+09 -0.847962
1.42066975e+09 -0.841898
1.42067375e+09 -0.845818
1.42067775e+09 -0.858656
1.42068175e+09 -0.852253
1.42068575e+09 -0.856715
1.42068975e+09 -0.844101
1.42069375e+09 -0.851899
1.42069775e+09 -0.844092
1.42070175e+09 -0.848281
1.42070575e+09 -0.854902
1.42070975e+09 -0.846694
1.42071375e+09 -0.858205
1.42071775e+09 -0.863858
1.42072175e+09 -0.87254
1.42072575e+09 -0.861959
1.42072975e+09 -0.869174
1.42073375e+09 -0.854945
1.42073775e+09 -0.866898
1.42074175e+09 -0.843929
1.42074575e+09 -0.867906
1.42074975e+09 -0.862047
1.42075375e+09 -0.863506
1.42075775e+09 -0.843057
1.42076175e+09 -0.859255
1.42076575e+09 -0.855958
1.42076975e+09 -0.870538
1.42077375e+09 -0.856887
1.42077775e+09 -0.842646
1.42078175e+09 -0.857788
1.42078575e+09 -0.859362
1.42078975e+09 -0.848312
1.42079375e+09 -0.859961
1.42079775e+09 -0.848305
1.42080175e+09 -0.84329
1.42080575e+09 -0.851592
1.42080975e+09 -0.864965
1.42081375e+09 -0.84693
1.42081775e+09 -0.861706
1.42082175e+09 -0.843985
1.42082575e+09 -0.864569
1.42082975e+09 -0.842036
1.42083375e+09 -0.851574
1.42083775e+09 -0.844186
1.42084175e+09 -0.861914
1.42084575e+09 -0.857334
1.42084975e+09 -0.860425
1.42085375e+09 -0.865769
1.42085775e+09 -0.853238
1.42086175e+09 -0.846805
1.42086575e+09 -0.86021
1.42086975e+09 -0.847425
1.42087375e+09 -0.853275
1.42087775e+09 -0.843332
1.42088175e+09 -0.853414
1.42088575e+09 -0.85233
1.42088975e+09 -0.858394
1.42089375e+09 -0.857671
1.42089775e+09 -0.865351
1.42090175e+09 -0.856141
1.42090575e+09 -0.860934
1.42090975e+09 -0.865707
1.42091375e+09 -0.85951
1.42091775e+09 -0.847878
1.42092175e+09 -0.861295
1.42092575e+09 -0.857307
1.42092975e+09 -0.846294
1.42093375e+09 -0.857834
1.42093775e+09 -0.861622
1.42094175e+09 -0.84741
1.42094575e+09 -0.854201
1.42094975e+09 -0.875342
1.42095375e+09 -0.853773
1.42095775e+09 -0.843803
1.42096175e+09 -0.852026
1.42096575e+09 -0.847552
1.42096975e+09 -0.853966
1.42097375e+09 -0.842205
1.42097775e+09 -0.869197
1.42098175e+09 -0.870616
1.42098575e+09 -0.856247
1.42098975e+09 -0.856135
1.42099375e+09 -0.856493
1.42099775e+09 -0.859635
1.42100175e+09 -0.856415
1.42100575e+09 -0.86192
1.42100975e+09 -0.851681
1.42101375e+09 -0.866183
1.42101775e+09 -0.866219
1.42102175e+09 -0.862571
1.42102575e+09 -0.861078
1.42102975e+09 -0.869693
1.42103375e+09 -0.864044
1.42103775e+09 -0.870964
1.42104175e+09 -0.85601
1.42104575e+09 -0.868925
1.42104975e+09 -0.865435
1.42105375e+09 -0.86081
1.42105775e+09 -0.868834
1.42106175e+09 -0.849544
1.42106575e+09 -0.856176
1.42106975e+09 -0.849189
1.42107375e+09 -0.863786
1.42107775e+09 -0.857474
1.42108175e+09 -0.863489
1.42108575e+09 -0.8613
1.42108975e+09 -0.857574
1.42109375e+09 -0.863078
1.42109775e+09 -0.858911
1.42110175e+09 -0.851755
1.42110575e+09 -0.87351
1.42110975e+09 -0.84954
1.42111375e+09 -0.85375
1.42111775e+09 -0.869767
1.42112175e+09 -0.871356
1.42112575e+09 -0.859541
1.42112975e+09 -0.856162
1.42113375e+09 -0.870103
1.42113775e+09 -0.8622
1.42114175e+09 -0.853665
1.42114575e+09 -0.868008
1.42114975e+09 -0.847578
1.42115375e+09 -0.870104
1.42115775e+09 -0.857016
1.42116175e+09 -0.858921
1.42116575e+09 -0.861224
1.42116975e+09 -0.857311
1.42117375e+09 -0.865702
1.42117775e+09 -0.853346
1.42118175e+09 -0.859713
1.42118575e+09 -0.866722
1.42118975e+09 -0.853272
1.42119375e+09 -0.871257
1.42119775e+09 -0.855244
1.42120175e+09 -0.864109
1.42120575e+09 -0.874992
1.42120975e+09 -0.84884
1.42121375e+09 -0.864362
1.42121775e+09 -0.84573
1.42122175e+09 -0.855365
1.42122575e+09 -0.869293
1.42122975e+09 -0.862538
1.42123375e+09 -0.871495
1.42123775e+09 -0.839936
1.42124175e+09 -0.852475
1.42124575e+09 -0.84776
1.42124975e+09 -0.860219
1.42125375e+09 -0.850138
1.42125775e+09 -0.863865
1.42126175e+09 -0.853133
1.42126575e+09 -0.862215
1.42126975e+09 -0.847972
1.42127375e+09 -0.850834
1.42127775e+09 -0.846252
1.42128175e+09 -0.846248
1.42128575e+09 -0.839852
1.42128975e+09 -0.853095
1.42129375e+09 -0.840003
1.42129775e+09 -0.840105
1.42130175e+09 -0.849155
1.42130575e+09 -0.846461
1.42130975e+09 -0.840879
1.42131375e+09 -0.838317
1.42131775e+09 -0.840181
1.42132175e+09 -0.835414
1.42132575e+09 -0.821016
1.42132975e+09 -0.823855
1.42133375e+09 -0.834033
1.42133775e+09 -0.834972
1.42134175e+09 -0.828164
1.42134575e+09 -0.834205
1.42134975e+09 -0.825012
1.42135375e+09 -0.828041
1.42135775e+09 -0.825442
1.42136175e+09 -0.825784
1.42136575e+09 -0.817587
1.42136975e+09 -0.803277
1.42137375e+09 -0.830531
1.42137775e+09 -0.808654
1.42138175e+09 -0.801972
1.42138575e+09 -0.836242
1.42138975e+09 -0.786302
1.42139375e+09 -0.805876
1.42139775e+09 -0.801883
1.42140175e+09 -0.796228


