# rtl-power-fftw output
# galactisch: 196
# antenne: 229-44
# dark: dark20170925063727
# data: A196_20170925075827
# -b: 500
# -t: 150
# -g: 300
# -p: 0
# Acquisition start: 2017-09-25 07:58:28 UTC
# Acquisition end: 2017-09-25 08:00:59 UTC
#
# frequency [Hz] power spectral density [dB/Hz]
1.41940575e+09 -0.873813
1.41940975e+09 -0.859032
1.41941375e+09 -0.866692
1.41941775e+09 -0.877513
1.41942175e+09 -0.868853
1.41942575e+09 -0.890424
1.41942975e+09 -0.887604
1.41943375e+09 -0.870338
1.41943775e+09 -0.876501
1.41944175e+09 -0.873488
1.41944575e+09 -0.869163
1.41944975e+09 -0.86377
1.41945375e+09 -0.884081
1.41945775e+09 -0.881398
1.41946175e+09 -0.891658
1.41946575e+09 -0.879683
1.41946975e+09 -0.870544
1.41947375e+09 -0.866745
1.41947775e+09 -0.857624
1.41948175e+09 -0.871118
1.41948575e+09 -0.864959
1.41948975e+09 -0.860238
1.41949375e+09 -0.866043
1.41949775e+09 -0.860781
1.41950175e+09 -0.859967
1.41950575e+09 -0.845304
1.41950975e+09 -0.854588
1.41951375e+09 -0.850275
1.41951775e+09 -0.853698
1.41952175e+09 -0.857911
1.41952575e+09 -0.838943
1.41952975e+09 -0.838186
1.41953375e+09 -0.841063
1.41953775e+09 -0.821704
1.41954175e+09 -0.845982
1.41954575e+09 -0.831693
1.41954975e+09 -0.838026
1.41955375e+09 -0.83869
1.41955775e+09 -0.830383
1.41956175e+09 -0.836619
1.41956575e+09 -0.832395
1.41956975e+09 -0.836558
1.41957375e+09 -0.829515
1.41957775e+09 -0.835808
1.41958175e+09 -0.83556
1.41958575e+09 -0.837013
1.41958975e+09 -0.849125
1.41959375e+09 -0.840389
1.41959775e+09 -0.834071
1.41960175e+09 -0.832474
1.41960575e+09 -0.836005
1.41960975e+09 -0.826139
1.41961375e+09 -0.843768
1.41961775e+09 -0.833177
1.41962175e+09 -0.832843
1.41962575e+09 -0.839078
1.41962975e+09 -0.824301
1.41963375e+09 -0.834679
1.41963775e+09 -0.840059
1.41964175e+09 -0.825356
1.41964575e+09 -0.822666
1.41964975e+09 -0.829112
1.41965375e+09 -0.831801
1.41965775e+09 -0.824721
1.41966175e+09 -0.838336
1.41966575e+09 -0.838691
1.41966975e+09 -0.838375
1.41967375e+09 -0.843213
1.41967775e+09 -0.825069
1.41968175e+09 -0.854377
1.41968575e+09 -0.825991
1.41968975e+09 -0.837472
1.41969375e+09 -0.841412
1.41969775e+09 -0.843179
1.41970175e+09 -0.832558
1.41970575e+09 -0.847188
1.41970975e+09 -0.841423
1.41971375e+09 -0.847925
1.41971775e+09 -0.838778
1.41972175e+09 -0.843099
1.41972575e+09 -0.848332
1.41972975e+09 -0.843437
1.41973375e+09 -0.823632
1.41973775e+09 -0.859123
1.41974175e+09 -0.853312
1.41974575e+09 -0.857004
1.41974975e+09 -0.86202
1.41975375e+09 -0.843694
1.41975775e+09 -0.84156
1.41976175e+09 -0.843878
1.41976575e+09 -0.853034
1.41976975e+09 -0.847684
1.41977375e+09 -0.857827
1.41977775e+09 -0.843545
1.41978175e+09 -0.846539
1.41978575e+09 -0.842119
1.41978975e+09 -0.861028
1.41979375e+09 -0.845157
1.41979775e+09 -0.84976
1.41980175e+09 -0.850955
1.41980575e+09 -0.846271
1.41980975e+09 -0.853035
1.41981375e+09 -0.851786
1.41981775e+09 -0.870794
1.41982175e+09 -0.852881
1.41982575e+09 -0.844907
1.41982975e+09 -0.85391
1.41983375e+09 -0.875307
1.41983775e+09 -0.852948
1.41984175e+09 -0.855877
1.41984575e+09 -0.847289
1.41984975e+09 -0.848918
1.41985375e+09 -0.848838
1.41985775e+09 -0.857544
1.41986175e+09 -0.866926
1.41986575e+09 -0.85822
1.41986975e+09 -0.854153
1.41987375e+09 -0.864625
1.41987775e+09 -0.849484
1.41988175e+09 -0.8465
1.41988575e+09 -0.862908
1.41988975e+09 -0.844712
1.41989375e+09 -0.862926
1.41989775e+09 -0.866318
1.41990175e+09 -0.865761
1.41990575e+09 -0.857691
1.41990975e+09 -0.857261
1.41991375e+09 -0.868414
1.41991775e+09 -0.8692
1.41992175e+09 -0.848611
1.41992575e+09 -0.858379
1.41992975e+09 -0.85573
1.41993375e+09 -0.872431
1.41993775e+09 -0.869584
1.41994175e+09 -0.864949
1.41994575e+09 -0.875887
1.41994975e+09 -0.874171
1.41995375e+09 -0.85423
1.41995775e+09 -0.860928
1.41996175e+09 -0.868815
1.41996575e+09 -0.863998
1.41996975e+09 -0.859268
1.41997375e+09 -0.87863
1.41997775e+09 -0.857192
1.41998175e+09 -0.857576
1.41998575e+09 -0.869468
1.41998975e+09 -0.867688
1.41999375e+09 -0.871293
1.41999775e+09 -0.864802
1.42000175e+09 -0.859783
1.42000575e+09 -0.865936
1.42000975e+09 -0.870096
1.42001375e+09 -0.867115
1.42001775e+09 -0.867275
1.42002175e+09 -0.864464
1.42002575e+09 -0.875492
1.42002975e+09 -0.870072
1.42003375e+09 -0.862132
1.42003775e+09 -0.863264
1.42004175e+09 -0.870811
1.42004575e+09 -0.870492
1.42004975e+09 -0.866657
1.42005375e+09 -0.858174
1.42005775e+09 -0.881276
1.42006175e+09 -0.872698
1.42006575e+09 -0.855184
1.42006975e+09 -0.875243
1.42007375e+09 -0.87315
1.42007775e+09 -0.87465
1.42008175e+09 -0.874765
1.42008575e+09 -0.877517
1.42008975e+09 -0.87482
1.42009375e+09 -0.883588
1.42009775e+09 -0.88081
1.42010175e+09 -0.874792
1.42010575e+09 -0.880965
1.42010975e+09 -0.869578
1.42011375e+09 -0.880819
1.42011775e+09 -0.88261
1.42012175e+09 -0.866451
1.42012575e+09 -0.866515
1.42012975e+09 -0.874186
1.42013375e+09 -0.867632
1.42013775e+09 -0.869249
1.42014175e+09 -0.880251
1.42014575e+09 -0.868205
1.42014975e+09 -0.88083
1.42015375e+09 -0.876848
1.42015775e+09 -0.872484
1.42016175e+09 -0.869244
1.42016575e+09 -0.866943
1.42016975e+09 -0.863277
1.42017375e+09 -0.875334
1.42017775e+09 -0.890568
1.42018175e+09 -0.863235
1.42018575e+09 -0.866879
1.42018975e+09 -0.863326
1.42019375e+09 -0.876896
1.42019775e+09 -0.857345
1.42020175e+09 -0.878673
1.42020575e+09 -0.874028
1.42020975e+09 -0.87029
1.42021375e+09 -0.872944
1.42021775e+09 -0.866718
1.42022175e+09 -0.847915
1.42022575e+09 -0.859387
1.42022975e+09 -0.870856
1.42023375e+09 -0.867903
1.42023775e+09 -0.860845
1.42024175e+09 -0.858641
1.42024575e+09 -0.835324
1.42024975e+09 -0.85189
1.42025375e+09 -0.854053
1.42025775e+09 -0.831496
1.42026175e+09 -0.837793
1.42026575e+09 -0.833808
1.42026975e+09 -0.836539
1.42027375e+09 -0.837291
1.42027775e+09 -0.822852
1.42028175e+09 -0.827063
1.42028575e+09 -0.824275
1.42028975e+09 -0.807944
1.42029375e+09 -0.784933
1.42029775e+09 -0.77973
1.42030175e+09 -0.77517
1.42030575e+09 -0.75972
1.42030975e+09 -0.742659
1.42031375e+09 -0.719114
1.42031775e+09 -0.708182
1.42032175e+09 -0.699066
1.42032575e+09 -0.663208
1.42032975e+09 -0.641444
1.42033375e+09 -0.638269
1.42033775e+09 -0.58571
1.42034175e+09 -0.551612
1.42034575e+09 -0.53936
1.42034975e+09 -0.497364
1.42035375e+09 -0.478836
1.42035775e+09 -0.43289
1.42036175e+09 -0.411251
1.42036575e+09 -0.376615
1.42036975e+09 -0.363792
1.42037375e+09 -0.317593
1.42037775e+09 -0.296625
1.42038175e+09 -0.281678
1.42038575e+09 -0.245133
1.42038975e+09 -0.217326
1.42039375e+09 -0.186216
1.42039775e+09 -0.144962
1.42040175e+09 -0.131236
1.42040575e+09 -0.107778
1.42040975e+09 -0.084559
1.42041375e+09 -0.0717099
1.42041775e+09 -0.0577168
1.42042175e+09 -0.0310857
1.42042575e+09 -0.0169207
1.42042975e+09 -0.0213121
1.42043375e+09 -0.0221677
1.42043775e+09 0.00168774
1.42044175e+09 0.00178282
1.42044575e+09 -0.00889318
1.42044975e+09 -0.00532583
1.42045375e+09 -0.044765
1.42045775e+09 -0.0745035
1.42046175e+09 -0.110575
1.42046575e+09 -0.131769
1.42046975e+09 -0.159112
1.42047375e+09 -0.218663
1.42047775e+09 -0.273472
1.42048175e+09 -0.311858
1.42048575e+09 -0.365128
1.42048975e+09 -0.387594
1.42049375e+09 -0.410351
1.42049775e+09 -0.470458
1.42050175e+09 -0.481086
1.42050575e+09 -0.511978
1.42050975e+09 -0.551257
1.42051375e+09 -0.591844
1.42051775e+09 -0.621517
1.42052175e+09 -0.652146
1.42052575e+09 -0.687102
1.42052975e+09 -0.704306
1.42053375e+09 -0.744604
1.42053775e+09 -0.751573
1.42054175e+09 -0.782333
1.42054575e+09 -0.797501
1.42054975e+09 -0.81094
1.42055375e+09 -0.815823
1.42055775e+09 -0.841981
1.42056175e+09 -0.84903
1.42056575e+09 -0.861063
1.42056975e+09 -0.863113
1.42057375e+09 -0.879435
1.42057775e+09 -0.875792
1.42058175e+09 -0.871612
1.42058575e+09 -0.873428
1.42058975e+09 -0.889069
1.42059375e+09 -0.882671
1.42059775e+09 -0.90224
1.42060175e+09 -0.892117
1.42060575e+09 -0.888263
1.42060975e+09 -0.893008
1.42061375e+09 -0.904497
1.42061775e+09 -0.901637
1.42062175e+09 -0.913134
1.42062575e+09 -0.906915
1.42062975e+09 -0.899971
1.42063375e+09 -0.922344
1.42063775e+09 -0.895741
1.42064175e+09 -0.911844
1.42064575e+09 -0.899776
1.42064975e+09 -0.898915
1.42065375e+09 -0.901967
1.42065775e+09 -0.904447
1.42066175e+09 -0.900417
1.42066575e+09 -0.918653
1.42066975e+09 -0.903966
1.42067375e+09 -0.912411
1.42067775e+09 -0.908885
1.42068175e+09 -0.923009
1.42068575e+09 -0.917701
1.42068975e+09 -0.905752
1.42069375e+09 -0.915003
1.42069775e+09 -0.912547
1.42070175e+09 -0.905132
1.42070575e+09 -0.918052
1.42070975e+09 -0.925402
1.42071375e+09 -0.917698
1.42071775e+09 -0.934646
1.42072175e+09 -0.927879
1.42072575e+09 -0.921569
1.42072975e+09 -0.919446
1.42073375e+09 -0.935856
1.42073775e+09 -0.922017
1.42074175e+09 -0.904647
1.42074575e+09 -0.922739
1.42074975e+09 -0.92436
1.42075375e+09 -0.922526
1.42075775e+09 -0.912819
1.42076175e+09 -0.916277
1.42076575e+09 -0.920338
1.42076975e+09 -0.933432
1.42077375e+09 -0.912343
1.42077775e+09 -0.916137
1.42078175e+09 -0.910965
1.42078575e+09 -0.910929
1.42078975e+09 -0.913223
1.42079375e+09 -0.909569
1.42079775e+09 -0.910657
1.42080175e+09 -0.896827
1.42080575e+09 -0.899424
1.42080975e+09 -0.907044
1.42081375e+09 -0.906081
1.42081775e+09 -0.913298
1.42082175e+09 -0.908599
1.42082575e+09 -0.917042
1.42082975e+09 -0.887168
1.42083375e+09 -0.914391
1.42083775e+09 -0.899659
1.42084175e+09 -0.924909
1.42084575e+09 -0.911994
1.42084975e+09 -0.916673
1.42085375e+09 -0.907605
1.42085775e+09 -0.91152
1.42086175e+09 -0.9183
1.42086575e+09 -0.912828
1.42086975e+09 -0.906275
1.42087375e+09 -0.910706
1.42087775e+09 -0.910108
1.42088175e+09 -0.914765
1.42088575e+09 -0.905313
1.42088975e+09 -0.91347
1.42089375e+09 -0.91029
1.42089775e+09 -0.900711
1.42090175e+09 -0.923034
1.42090575e+09 -0.923543
1.42090975e+09 -0.906282
1.42091375e+09 -0.904256
1.42091775e+09 -0.908281
1.42092175e+09 -0.916083
1.42092575e+09 -0.903112
1.42092975e+09 -0.903783
1.42093375e+09 -0.894436
1.42093775e+09 -0.907959
1.42094175e+09 -0.899937
1.42094575e+09 -0.905385
1.42094975e+09 -0.911833
1.42095375e+09 -0.91605
1.42095775e+09 -0.912702
1.42096175e+09 -0.890508
1.42096575e+09 -0.90475
1.42096975e+09 -0.907416
1.42097375e+09 -0.903758
1.42097775e+09 -0.913539
1.42098175e+09 -0.904098
1.42098575e+09 -0.900955
1.42098975e+09 -0.895168
1.42099375e+09 -0.909309
1.42099775e+09 -0.901176
1.42100175e+09 -0.890393
1.42100575e+09 -0.906698
1.42100975e+09 -0.889886
1.42101375e+09 -0.90587
1.42101775e+09 -0.898416
1.42102175e+09 -0.910853
1.42102575e+09 -0.899695
1.42102975e+09 -0.915776
1.42103375e+09 -0.922208
1.42103775e+09 -0.906337
1.42104175e+09 -0.897218
1.42104575e+09 -0.920819
1.42104975e+09 -0.90019
1.42105375e+09 -0.915974
1.42105775e+09 -0.910601
1.42106175e+09 -0.889442
1.42106575e+09 -0.895113
1.42106975e+09 -0.904213
1.42107375e+09 -0.894198
1.42107775e+09 -0.898086
1.42108175e+09 -0.905184
1.42108575e+09 -0.909166
1.42108975e+09 -0.887936
1.42109375e+09 -0.920926
1.42109775e+09 -0.891926
1.42110175e+09 -0.887963
1.42110575e+09 -0.903654
1.42110975e+09 -0.894331
1.42111375e+09 -0.894902
1.42111775e+09 -0.911096
1.42112175e+09 -0.9066
1.42112575e+09 -0.894138
1.42112975e+09 -0.887251
1.42113375e+09 -0.915019
1.42113775e+09 -0.901566
1.42114175e+09 -0.901214
1.42114575e+09 -0.913586
1.42114975e+09 -0.89035
1.42115375e+09 -0.90364
1.42115775e+09 -0.899147
1.42116175e+09 -0.904778
1.42116575e+09 -0.900149
1.42116975e+09 -0.88759
1.42117375e+09 -0.892295
1.42117775e+09 -0.88555
1.42118175e+09 -0.891645
1.42118575e+09 -0.908603
1.42118975e+09 -0.894973
1.42119375e+09 -0.897122
1.42119775e+09 -0.906138
1.42120175e+09 -0.894921
1.42120575e+09 -0.892048
1.42120975e+09 -0.887015
1.42121375e+09 -0.899869
1.42121775e+09 -0.878685
1.42122175e+09 -0.88521
1.42122575e+09 -0.907197
1.42122975e+09 -0.901278
1.42123375e+09 -0.905264
1.42123775e+09 -0.888027
1.42124175e+09 -0.885824
1.42124575e+09 -0.876682
1.42124975e+09 -0.887179
1.42125375e+09 -0.883471
1.42125775e+09 -0.888181
1.42126175e+09 -0.875797
1.42126575e+09 -0.884785
1.42126975e+09 -0.879669
1.42127375e+09 -0.880996
1.42127775e+09 -0.886691
1.42128175e+09 -0.875019
1.42128575e+09 -0.871843
1.42128975e+09 -0.883239
1.42129375e+09 -0.869236
1.42129775e+09 -0.85998
1.42130175e+09 -0.873856
1.42130575e+09 -0.873444
1.42130975e+09 -0.871451
1.42131375e+09 -0.865432
1.42131775e+09 -0.854725
1.42132175e+09 -0.862643
1.42132575e+09 -0.874356
1.42132975e+09 -0.870932
1.42133375e+09 -0.872536
1.42133775e+09 -0.873325
1.42134175e+09 -0.867479
1.42134575e+09 -0.867353
1.42134975e+09 -0.864858
1.42135375e+09 -0.864876
1.42135775e+09 -0.862075
1.42136175e+09 -0.864735
1.42136575e+09 -0.857779
1.42136975e+09 -0.84593
1.42137375e+09 -0.866411
1.42137775e+09 -0.865686
1.42138175e+09 -0.848563
1.42138575e+09 -0.875139
1.42138975e+09 -0.852277
1.42139375e+09 -0.856736
1.42139775e+09 -0.856747
1.42140175e+09 -0.856441


