# rtl-power-fftw output
# galactisch: 200
# antenne: 226-41
# dark: dark20170925063727
# data: A200_20170925080244
# -b: 500
# -t: 150
# -g: 300
# -p: 0
# Acquisition start: 2017-09-25 08:02:45 UTC
# Acquisition end: 2017-09-25 08:05:17 UTC
#
# frequency [Hz] power spectral density [dB/Hz]
1.41940575e+09 -0.966335
1.41940975e+09 -0.960901
1.41941375e+09 -0.978445
1.41941775e+09 -0.968052
1.41942175e+09 -0.9667
1.41942575e+09 -0.979961
1.41942975e+09 -0.971512
1.41943375e+09 -0.966212
1.41943775e+09 -0.976531
1.41944175e+09 -0.967777
1.41944575e+09 -0.969799
1.41944975e+09 -0.968322
1.41945375e+09 -0.967734
1.41945775e+09 -0.96925
1.41946175e+09 -0.9748
1.41946575e+09 -0.96194
1.41946975e+09 -0.966082
1.41947375e+09 -0.958807
1.41947775e+09 -0.949533
1.41948175e+09 -0.959472
1.41948575e+09 -0.964108
1.41948975e+09 -0.960953
1.41949375e+09 -0.957245
1.41949775e+09 -0.952327
1.41950175e+09 -0.954537
1.41950575e+09 -0.93593
1.41950975e+09 -0.943105
1.41951375e+09 -0.937317
1.41951775e+09 -0.954799
1.41952175e+09 -0.952704
1.41952575e+09 -0.929371
1.41952975e+09 -0.921413
1.41953375e+09 -0.923901
1.41953775e+09 -0.930524
1.41954175e+09 -0.925459
1.41954575e+09 -0.938266
1.41954975e+09 -0.916178
1.41955375e+09 -0.927323
1.41955775e+09 -0.91471
1.41956175e+09 -0.931033
1.41956575e+09 -0.917937
1.41956975e+09 -0.927303
1.41957375e+09 -0.92773
1.41957775e+09 -0.917411
1.41958175e+09 -0.920298
1.41958575e+09 -0.913242
1.41958975e+09 -0.929402
1.41959375e+09 -0.920506
1.41959775e+09 -0.912301
1.41960175e+09 -0.917066
1.41960575e+09 -0.925282
1.41960975e+09 -0.911672
1.41961375e+09 -0.931555
1.41961775e+09 -0.927814
1.41962175e+09 -0.917962
1.41962575e+09 -0.929437
1.41962975e+09 -0.908169
1.41963375e+09 -0.930035
1.41963775e+09 -0.935211
1.41964175e+09 -0.914294
1.41964575e+09 -0.915448
1.41964975e+09 -0.942755
1.41965375e+09 -0.930422
1.41965775e+09 -0.913499
1.41966175e+09 -0.937101
1.41966575e+09 -0.923182
1.41966975e+09 -0.927887
1.41967375e+09 -0.929951
1.41967775e+09 -0.919889
1.41968175e+09 -0.928636
1.41968575e+09 -0.927424
1.41968975e+09 -0.928576
1.41969375e+09 -0.925994
1.41969775e+09 -0.92997
1.41970175e+09 -0.929546
1.41970575e+09 -0.931726
1.41970975e+09 -0.932677
1.41971375e+09 -0.942198
1.41971775e+09 -0.94994
1.41972175e+09 -0.943284
1.41972575e+09 -0.939553
1.41972975e+09 -0.927899
1.41973375e+09 -0.91612
1.41973775e+09 -0.939342
1.41974175e+09 -0.946609
1.41974575e+09 -0.937575
1.41974975e+09 -0.953604
1.41975375e+09 -0.946768
1.41975775e+09 -0.938384
1.41976175e+09 -0.931881
1.41976575e+09 -0.948481
1.41976975e+09 -0.935381
1.41977375e+09 -0.928822
1.41977775e+09 -0.933431
1.41978175e+09 -0.935242
1.41978575e+09 -0.935886
1.41978975e+09 -0.954808
1.41979375e+09 -0.938541
1.41979775e+09 -0.947924
1.41980175e+09 -0.960847
1.41980575e+09 -0.935667
1.41980975e+09 -0.951783
1.41981375e+09 -0.959224
1.41981775e+09 -0.945005
1.41982175e+09 -0.939332
1.41982575e+09 -0.948278
1.41982975e+09 -0.948775
1.41983375e+09 -0.965355
1.41983775e+09 -0.955148
1.41984175e+09 -0.948561
1.41984575e+09 -0.945621
1.41984975e+09 -0.947812
1.41985375e+09 -0.953988
1.41985775e+09 -0.956863
1.41986175e+09 -0.954383
1.41986575e+09 -0.952755
1.41986975e+09 -0.945702
1.41987375e+09 -0.954569
1.41987775e+09 -0.947538
1.41988175e+09 -0.945064
1.41988575e+09 -0.962828
1.41988975e+09 -0.943748
1.41989375e+09 -0.935222
1.41989775e+09 -0.962613
1.41990175e+09 -0.969196
1.41990575e+09 -0.961957
1.41990975e+09 -0.938234
1.41991375e+09 -0.962196
1.41991775e+09 -0.95417
1.41992175e+09 -0.956808
1.41992575e+09 -0.951414
1.41992975e+09 -0.956678
1.41993375e+09 -0.967172
1.41993775e+09 -0.960049
1.41994175e+09 -0.954059
1.41994575e+09 -0.961137
1.41994975e+09 -0.966204
1.41995375e+09 -0.952074
1.41995775e+09 -0.971586
1.41996175e+09 -0.981087
1.41996575e+09 -0.963442
1.41996975e+09 -0.959839
1.41997375e+09 -0.969446
1.41997775e+09 -0.958493
1.41998175e+09 -0.960816
1.41998575e+09 -0.961393
1.41998975e+09 -0.95631
1.41999375e+09 -0.972573
1.41999775e+09 -0.958727
1.42000175e+09 -0.945909
1.42000575e+09 -0.973689
1.42000975e+09 -0.972167
1.42001375e+09 -0.966102
1.42001775e+09 -0.963375
1.42002175e+09 -0.968485
1.42002575e+09 -0.953692
1.42002975e+09 -0.951395
1.42003375e+09 -0.963596
1.42003775e+09 -0.963575
1.42004175e+09 -0.967608
1.42004575e+09 -0.968353
1.42004975e+09 -0.9628
1.42005375e+09 -0.954622
1.42005775e+09 -0.982612
1.42006175e+09 -0.967563
1.42006575e+09 -0.958704
1.42006975e+09 -0.965985
1.42007375e+09 -0.967954
1.42007775e+09 -0.97331
1.42008175e+09 -0.977953
1.42008575e+09 -0.962538
1.42008975e+09 -0.984983
1.42009375e+09 -0.979243
1.42009775e+09 -0.977655
1.42010175e+09 -0.975539
1.42010575e+09 -0.978558
1.42010975e+09 -0.966901
1.42011375e+09 -0.982767
1.42011775e+09 -0.970631
1.42012175e+09 -0.948005
1.42012575e+09 -0.973257
1.42012975e+09 -0.970796
1.42013375e+09 -0.976393
1.42013775e+09 -0.966378
1.42014175e+09 -0.980707
1.42014575e+09 -0.975746
1.42014975e+09 -0.975188
1.42015375e+09 -0.980646
1.42015775e+09 -0.966708
1.42016175e+09 -0.963411
1.42016575e+09 -0.955792
1.42016975e+09 -0.956113
1.42017375e+09 -0.96084
1.42017775e+09 -0.988334
1.42018175e+09 -0.971746
1.42018575e+09 -0.96253
1.42018975e+09 -0.958217
1.42019375e+09 -0.965522
1.42019775e+09 -0.958168
1.42020175e+09 -0.957623
1.42020575e+09 -0.958866
1.42020975e+09 -0.959178
1.42021375e+09 -0.966001
1.42021775e+09 -0.956619
1.42022175e+09 -0.947663
1.42022575e+09 -0.937097
1.42022975e+09 -0.947204
1.42023375e+09 -0.949121
1.42023775e+09 -0.949271
1.42024175e+09 -0.934045
1.42024575e+09 -0.930397
1.42024975e+09 -0.908359
1.42025375e+09 -0.932657
1.42025775e+09 -0.916471
1.42026175e+09 -0.901533
1.42026575e+09 -0.899987
1.42026975e+09 -0.90568
1.42027375e+09 -0.888139
1.42027775e+09 -0.87648
1.42028175e+09 -0.861652
1.42028575e+09 -0.851843
1.42028975e+09 -0.835404
1.42029375e+09 -0.792579
1.42029775e+09 -0.803703
1.42030175e+09 -0.778423
1.42030575e+09 -0.737409
1.42030975e+09 -0.724337
1.42031375e+09 -0.706165
1.42031775e+09 -0.684926
1.42032175e+09 -0.657091
1.42032575e+09 -0.635606
1.42032975e+09 -0.59786
1.42033375e+09 -0.581104
1.42033775e+09 -0.543589
1.42034175e+09 -0.508956
1.42034575e+09 -0.488747
1.42034975e+09 -0.449295
1.42035375e+09 -0.436256
1.42035775e+09 -0.38413
1.42036175e+09 -0.370046
1.42036575e+09 -0.341604
1.42036975e+09 -0.324163
1.42037375e+09 -0.305274
1.42037775e+09 -0.288574
1.42038175e+09 -0.283394
1.42038575e+09 -0.272552
1.42038975e+09 -0.261707
1.42039375e+09 -0.252877
1.42039775e+09 -0.23477
1.42040175e+09 -0.225944
1.42040575e+09 -0.214948
1.42040975e+09 -0.204087
1.42041375e+09 -0.171097
1.42041775e+09 -0.180732
1.42042175e+09 -0.160961
1.42042575e+09 -0.166929
1.42042975e+09 -0.161498
1.42043375e+09 -0.1525
1.42043775e+09 -0.158066
1.42044175e+09 -0.159746
1.42044575e+09 -0.200449
1.42044975e+09 -0.208513
1.42045375e+09 -0.243986
1.42045775e+09 -0.292825
1.42046175e+09 -0.33766
1.42046575e+09 -0.373279
1.42046975e+09 -0.409992
1.42047375e+09 -0.478162
1.42047775e+09 -0.533006
1.42048175e+09 -0.588935
1.42048575e+09 -0.611234
1.42048975e+09 -0.647235
1.42049375e+09 -0.673731
1.42049775e+09 -0.72112
1.42050175e+09 -0.730484
1.42050575e+09 -0.749014
1.42050975e+09 -0.775135
1.42051375e+09 -0.803394
1.42051775e+09 -0.817182
1.42052175e+09 -0.853731
1.42052575e+09 -0.873188
1.42052975e+09 -0.875221
1.42053375e+09 -0.895923
1.42053775e+09 -0.91379
1.42054175e+09 -0.929126
1.42054575e+09 -0.942223
1.42054975e+09 -0.947771
1.42055375e+09 -0.965515
1.42055775e+09 -0.975834
1.42056175e+09 -0.981843
1.42056575e+09 -0.984635
1.42056975e+09 -0.973698
1.42057375e+09 -0.989978
1.42057775e+09 -0.997569
1.42058175e+09 -0.988587
1.42058575e+09 -0.994514
1.42058975e+09 -0.992193
1.42059375e+09 -0.998027
1.42059775e+09 -1.01092
1.42060175e+09 -1.0106
1.42060575e+09 -0.998128
1.42060975e+09 -1.01515
1.42061375e+09 -1.01162
1.42061775e+09 -1.00737
1.42062175e+09 -1.02509
1.42062575e+09 -1.01422
1.42062975e+09 -1.01166
1.42063375e+09 -1.01808
1.42063775e+09 -1.01396
1.42064175e+09 -1.0048
1.42064575e+09 -1.00389
1.42064975e+09 -1.00831
1.42065375e+09 -1.00449
1.42065775e+09 -1.0239
1.42066175e+09 -1.0234
1.42066575e+09 -1.01747
1.42066975e+09 -1.01071
1.42067375e+09 -1.02888
1.42067775e+09 -1.03551
1.42068175e+09 -1.02735
1.42068575e+09 -1.02177
1.42068975e+09 -1.01648
1.42069375e+09 -1.01863
1.42069775e+09 -1.01669
1.42070175e+09 -1.01585
1.42070575e+09 -1.02964
1.42070975e+09 -1.02836
1.42071375e+09 -1.03195
1.42071775e+09 -1.03811
1.42072175e+09 -1.04158
1.42072575e+09 -1.0373
1.42072975e+09 -1.03239
1.42073375e+09 -1.03474
1.42073775e+09 -1.0301
1.42074175e+09 -1.0165
1.42074575e+09 -1.04273
1.42074975e+09 -1.02916
1.42075375e+09 -1.02106
1.42075775e+09 -1.02738
1.42076175e+09 -1.02834
1.42076575e+09 -1.02862
1.42076975e+09 -1.0303
1.42077375e+09 -1.02019
1.42077775e+09 -1.02438
1.42078175e+09 -1.02671
1.42078575e+09 -1.01209
1.42078975e+09 -1.01359
1.42079375e+09 -1.01711
1.42079775e+09 -1.02426
1.42080175e+09 -1.02348
1.42080575e+09 -1.00994
1.42080975e+09 -1.01741
1.42081375e+09 -1.00829
1.42081775e+09 -1.03261
1.42082175e+09 -1.02114
1.42082575e+09 -1.02258
1.42082975e+09 -1.00668
1.42083375e+09 -1.01616
1.42083775e+09 -1.03187
1.42084175e+09 -1.0253
1.42084575e+09 -1.02965
1.42084975e+09 -1.01725
1.42085375e+09 -1.01937
1.42085775e+09 -1.02331
1.42086175e+09 -1.02865
1.42086575e+09 -1.02388
1.42086975e+09 -1.00474
1.42087375e+09 -1.02351
1.42087775e+09 -1.01695
1.42088175e+09 -1.02069
1.42088575e+09 -1.01771
1.42088975e+09 -1.03052
1.42089375e+09 -0.998923
1.42089775e+09 -1.02349
1.42090175e+09 -1.02852
1.42090575e+09 -1.02493
1.42090975e+09 -1.02321
1.42091375e+09 -1.00414
1.42091775e+09 -1.01307
1.42092175e+09 -1.02381
1.42092575e+09 -1.00787
1.42092975e+09 -1.01295
1.42093375e+09 -0.999332
1.42093775e+09 -1.01588
1.42094175e+09 -1.02452
1.42094575e+09 -1.01686
1.42094975e+09 -1.02398
1.42095375e+09 -1.01903
1.42095775e+09 -1.01442
1.42096175e+09 -1.00234
1.42096575e+09 -1.0144
1.42096975e+09 -1.02646
1.42097375e+09 -1.00614
1.42097775e+09 -1.03121
1.42098175e+09 -1.02178
1.42098575e+09 -1.00934
1.42098975e+09 -1.00537
1.42099375e+09 -1.01245
1.42099775e+09 -1.02182
1.42100175e+09 -1.00029
1.42100575e+09 -1.01343
1.42100975e+09 -1.0092
1.42101375e+09 -1.00976
1.42101775e+09 -1.01603
1.42102175e+09 -1.01702
1.42102575e+09 -1.02043
1.42102975e+09 -1.02137
1.42103375e+09 -1.01669
1.42103775e+09 -1.01419
1.42104175e+09 -1.0057
1.42104575e+09 -1.01513
1.42104975e+09 -1.01533
1.42105375e+09 -1.008
1.42105775e+09 -1.00695
1.42106175e+09 -0.996553
1.42106575e+09 -1.01447
1.42106975e+09 -1.01933
1.42107375e+09 -1.01797
1.42107775e+09 -1.01063
1.42108175e+09 -1.01975
1.42108575e+09 -1.02358
1.42108975e+09 -1.0042
1.42109375e+09 -1.02312
1.42109775e+09 -1.01308
1.42110175e+09 -1.01004
1.42110575e+09 -1.01639
1.42110975e+09 -0.99429
1.42111375e+09 -1.00474
1.42111775e+09 -1.00769
1.42112175e+09 -1.01515
1.42112575e+09 -1.00191
1.42112975e+09 -1.0041
1.42113375e+09 -1.02787
1.42113775e+09 -0.999079
1.42114175e+09 -1.0115
1.42114575e+09 -1.01252
1.42114975e+09 -1.00213
1.42115375e+09 -1.01769
1.42115775e+09 -0.997568
1.42116175e+09 -1.00888
1.42116575e+09 -1.01356
1.42116975e+09 -1.00441
1.42117375e+09 -1.00063
1.42117775e+09 -1.00099
1.42118175e+09 -1.00412
1.42118575e+09 -1.01582
1.42118975e+09 -1.0042
1.42119375e+09 -1.0035
1.42119775e+09 -1.01232
1.42120175e+09 -1.01356
1.42120575e+09 -1.0067
1.42120975e+09 -0.997357
1.42121375e+09 -1.00335
1.42121775e+09 -0.989362
1.42122175e+09 -1.00138
1.42122575e+09 -1.00784
1.42122975e+09 -0.984256
1.42123375e+09 -1.01048
1.42123775e+09 -0.985059
1.42124175e+09 -0.99224
1.42124575e+09 -0.986042
1.42124975e+09 -0.998805
1.42125375e+09 -0.988221
1.42125775e+09 -0.999274
1.42126175e+09 -0.982219
1.42126575e+09 -1.00324
1.42126975e+09 -0.986222
1.42127375e+09 -0.986689
1.42127775e+09 -0.990553
1.42128175e+09 -0.98006
1.42128575e+09 -0.973098
1.42128975e+09 -0.988158
1.42129375e+09 -0.973445
1.42129775e+09 -0.963164
1.42130175e+09 -0.983902
1.42130575e+09 -0.984849
1.42130975e+09 -0.976054
1.42131375e+09 -0.97806
1.42131775e+09 -0.986784
1.42132175e+09 -0.967672
1.42132575e+09 -0.962215
1.42132975e+09 -0.971247
1.42133375e+09 -0.959721
1.42133775e+09 -0.978626
1.42134175e+09 -0.965369
1.42134575e+09 -0.972712
1.42134975e+09 -0.959859
1.42135375e+09 -0.973278
1.42135775e+09 -0.962444
1.42136175e+09 -0.969291
1.42136575e+09 -0.958004
1.42136975e+09 -0.953326
1.42137375e+09 -0.967957
1.42137775e+09 -0.973531
1.42138175e+09 -0.967384
1.42138575e+09 -0.979869
1.42138975e+09 -0.955534
1.42139375e+09 -0.965132
1.42139775e+09 -0.962112
1.42140175e+09 -0.971247


