# rtl-power-fftw output
# galactisch: 204
# antenne: 223-38
# dark: dark20170925063727
# data: A204_20170925080643
# -b: 500
# -t: 150
# -g: 300
# -p: 0
# Acquisition start: 2017-09-25 08:06:44 UTC
# Acquisition end: 2017-09-25 08:09:15 UTC
#
# frequency [Hz] power spectral density [dB/Hz]
1.41940575e+09 -0.998946
1.41940975e+09 -0.985701
1.41941375e+09 -0.998042
1.41941775e+09 -0.993731
1.41942175e+09 -0.990515
1.41942575e+09 -1.00115
1.41942975e+09 -0.998198
1.41943375e+09 -0.999434
1.41943775e+09 -0.993695
1.41944175e+09 -0.995434
1.41944575e+09 -0.996108
1.41944975e+09 -0.998375
1.41945375e+09 -0.991014
1.41945775e+09 -1.00098
1.41946175e+09 -1.01804
1.41946575e+09 -0.995798
1.41946975e+09 -0.982822
1.41947375e+09 -0.989454
1.41947775e+09 -0.980043
1.41948175e+09 -0.980807
1.41948575e+09 -0.991371
1.41948975e+09 -0.977207
1.41949375e+09 -0.983338
1.41949775e+09 -0.981851
1.41950175e+09 -0.981779
1.41950575e+09 -0.96323
1.41950975e+09 -0.964535
1.41951375e+09 -0.960378
1.41951775e+09 -0.974451
1.41952175e+09 -0.971408
1.41952575e+09 -0.947134
1.41952975e+09 -0.951859
1.41953375e+09 -0.950246
1.41953775e+09 -0.946993
1.41954175e+09 -0.950493
1.41954575e+09 -0.949189
1.41954975e+09 -0.938391
1.41955375e+09 -0.94662
1.41955775e+09 -0.944605
1.41956175e+09 -0.944702
1.41956575e+09 -0.93584
1.41956975e+09 -0.953648
1.41957375e+09 -0.949942
1.41957775e+09 -0.931928
1.41958175e+09 -0.945629
1.41958575e+09 -0.927079
1.41958975e+09 -0.956631
1.41959375e+09 -0.952433
1.41959775e+09 -0.95096
1.41960175e+09 -0.947246
1.41960575e+09 -0.947383
1.41960975e+09 -0.941891
1.41961375e+09 -0.957276
1.41961775e+09 -0.954041
1.41962175e+09 -0.961139
1.41962575e+09 -0.956168
1.41962975e+09 -0.934259
1.41963375e+09 -0.95597
1.41963775e+09 -0.951474
1.41964175e+09 -0.945684
1.41964575e+09 -0.943415
1.41964975e+09 -0.964118
1.41965375e+09 -0.955502
1.41965775e+09 -0.944424
1.41966175e+09 -0.953791
1.41966575e+09 -0.956977
1.41966975e+09 -0.956174
1.41967375e+09 -0.963915
1.41967775e+09 -0.957313
1.41968175e+09 -0.960585
1.41968575e+09 -0.950322
1.41968975e+09 -0.951416
1.41969375e+09 -0.951694
1.41969775e+09 -0.950359
1.41970175e+09 -0.947565
1.41970575e+09 -0.95719
1.41970975e+09 -0.957305
1.41971375e+09 -0.969953
1.41971775e+09 -0.961137
1.41972175e+09 -0.976239
1.41972575e+09 -0.965892
1.41972975e+09 -0.956118
1.41973375e+09 -0.944145
1.41973775e+09 -0.965513
1.41974175e+09 -0.954603
1.41974575e+09 -0.952963
1.41974975e+09 -0.97346
1.41975375e+09 -0.957431
1.41975775e+09 -0.969172
1.41976175e+09 -0.970327
1.41976575e+09 -0.953757
1.41976975e+09 -0.959384
1.41977375e+09 -0.959551
1.41977775e+09 -0.958402
1.41978175e+09 -0.953854
1.41978575e+09 -0.961114
1.41978975e+09 -0.963736
1.41979375e+09 -0.952704
1.41979775e+09 -0.957187
1.41980175e+09 -0.9538
1.41980575e+09 -0.970831
1.41980975e+09 -0.970773
1.41981375e+09 -0.974054
1.41981775e+09 -0.976463
1.41982175e+09 -0.961231
1.41982575e+09 -0.965303
1.41982975e+09 -0.968877
1.41983375e+09 -0.986447
1.41983775e+09 -0.955874
1.41984175e+09 -0.970982
1.41984575e+09 -0.973591
1.41984975e+09 -0.963607
1.41985375e+09 -0.967201
1.41985775e+09 -0.973383
1.41986175e+09 -0.977018
1.41986575e+09 -0.976155
1.41986975e+09 -0.974602
1.41987375e+09 -0.985232
1.41987775e+09 -0.964798
1.41988175e+09 -0.95974
1.41988575e+09 -0.96967
1.41988975e+09 -0.963651
1.41989375e+09 -0.964242
1.41989775e+09 -0.971512
1.41990175e+09 -0.981056
1.41990575e+09 -0.982297
1.41990975e+09 -0.983198
1.41991375e+09 -0.98153
1.41991775e+09 -0.990059
1.41992175e+09 -0.985308
1.41992575e+09 -0.965619
1.41992975e+09 -0.972355
1.41993375e+09 -0.991556
1.41993775e+09 -0.984787
1.41994175e+09 -0.98175
1.41994575e+09 -0.984557
1.41994975e+09 -0.986671
1.41995375e+09 -0.962368
1.41995775e+09 -0.983544
1.41996175e+09 -0.989959
1.41996575e+09 -0.987564
1.41996975e+09 -0.975927
1.41997375e+09 -0.987795
1.41997775e+09 -0.983989
1.41998175e+09 -0.970174
1.41998575e+09 -0.977086
1.41998975e+09 -0.984854
1.41999375e+09 -0.992834
1.41999775e+09 -0.977431
1.42000175e+09 -0.97175
1.42000575e+09 -0.991776
1.42000975e+09 -0.979753
1.42001375e+09 -0.998281
1.42001775e+09 -0.998735
1.42002175e+09 -0.988726
1.42002575e+09 -0.974624
1.42002975e+09 -0.987471
1.42003375e+09 -0.975885
1.42003775e+09 -0.994972
1.42004175e+09 -0.973883
1.42004575e+09 -0.993164
1.42004975e+09 -0.988517
1.42005375e+09 -0.974896
1.42005775e+09 -1.00014
1.42006175e+09 -0.992982
1.42006575e+09 -0.986816
1.42006975e+09 -0.985678
1.42007375e+09 -0.986337
1.42007775e+09 -0.982423
1.42008175e+09 -0.986335
1.42008575e+09 -0.983765
1.42008975e+09 -0.997614
1.42009375e+09 -0.998501
1.42009775e+09 -0.994495
1.42010175e+09 -0.97845
1.42010575e+09 -0.995152
1.42010975e+09 -0.979619
1.42011375e+09 -0.996304
1.42011775e+09 -0.984059
1.42012175e+09 -0.970313
1.42012575e+09 -0.982767
1.42012975e+09 -0.98056
1.42013375e+09 -0.986534
1.42013775e+09 -0.974146
1.42014175e+09 -0.986568
1.42014575e+09 -0.976716
1.42014975e+09 -0.986812
1.42015375e+09 -0.973103
1.42015775e+09 -0.96305
1.42016175e+09 -0.962391
1.42016575e+09 -0.956288
1.42016975e+09 -0.943436
1.42017375e+09 -0.966523
1.42017775e+09 -0.970055
1.42018175e+09 -0.964369
1.42018575e+09 -0.954903
1.42018975e+09 -0.931902
1.42019375e+09 -0.93428
1.42019775e+09 -0.937142
1.42020175e+09 -0.950166
1.42020575e+09 -0.92379
1.42020975e+09 -0.905957
1.42021375e+09 -0.924714
1.42021775e+09 -0.902136
1.42022175e+09 -0.884527
1.42022575e+09 -0.868537
1.42022975e+09 -0.859623
1.42023375e+09 -0.843034
1.42023775e+09 -0.842044
1.42024175e+09 -0.807366
1.42024575e+09 -0.785234
1.42024975e+09 -0.698153
1.42025375e+09 -0.760634
1.42025775e+09 -0.733391
1.42026175e+09 -0.732515
1.42026575e+09 -0.719371
1.42026975e+09 -0.695429
1.42027375e+09 -0.673214
1.42027775e+09 -0.653748
1.42028175e+09 -0.655286
1.42028575e+09 -0.625828
1.42028975e+09 -0.617729
1.42029375e+09 -0.57359
1.42029775e+09 -0.568502
1.42030175e+09 -0.55376
1.42030575e+09 -0.523876
1.42030975e+09 -0.525891
1.42031375e+09 -0.498148
1.42031775e+09 -0.493962
1.42032175e+09 -0.483023
1.42032575e+09 -0.468585
1.42032975e+09 -0.453875
1.42033375e+09 -0.463033
1.42033775e+09 -0.42782
1.42034175e+09 -0.425185
1.42034575e+09 -0.42277
1.42034975e+09 -0.412119
1.42035375e+09 -0.409086
1.42035775e+09 -0.385769
1.42036175e+09 -0.380203
1.42036575e+09 -0.376076
1.42036975e+09 -0.380171
1.42037375e+09 -0.368334
1.42037775e+09 -0.38671
1.42038175e+09 -0.399678
1.42038575e+09 -0.409674
1.42038975e+09 -0.431028
1.42039375e+09 -0.4333
1.42039775e+09 -0.430829
1.42040175e+09 -0.426444
1.42040575e+09 -0.426702
1.42040975e+09 -0.427059
1.42041375e+09 -0.396957
1.42041775e+09 -0.409167
1.42042175e+09 -0.377828
1.42042575e+09 -0.397399
1.42042975e+09 -0.396007
1.42043375e+09 -0.415226
1.42043775e+09 -0.431095
1.42044175e+09 -0.458798
1.42044575e+09 -0.501798
1.42044975e+09 -0.520058
1.42045375e+09 -0.569596
1.42045775e+09 -0.607364
1.42046175e+09 -0.64878
1.42046575e+09 -0.688211
1.42046975e+09 -0.729876
1.42047375e+09 -0.782809
1.42047775e+09 -0.807008
1.42048175e+09 -0.856741
1.42048575e+09 -0.858586
1.42048975e+09 -0.868018
1.42049375e+09 -0.878847
1.42049775e+09 -0.902131
1.42050175e+09 -0.905081
1.42050575e+09 -0.910079
1.42050975e+09 -0.930713
1.42051375e+09 -0.934953
1.42051775e+09 -0.949127
1.42052175e+09 -0.956514
1.42052575e+09 -0.965984
1.42052975e+09 -0.977931
1.42053375e+09 -0.982788
1.42053775e+09 -0.979568
1.42054175e+09 -0.990239
1.42054575e+09 -0.996695
1.42054975e+09 -0.998603
1.42055375e+09 -1.00672
1.42055775e+09 -1.01296
1.42056175e+09 -1.00996
1.42056575e+09 -1.01669
1.42056975e+09 -1.02154
1.42057375e+09 -1.02242
1.42057775e+09 -1.03367
1.42058175e+09 -1.01851
1.42058575e+09 -1.02568
1.42058975e+09 -1.02869
1.42059375e+09 -1.02418
1.42059775e+09 -1.04267
1.42060175e+09 -1.03634
1.42060575e+09 -1.03282
1.42060975e+09 -1.03822
1.42061375e+09 -1.03864
1.42061775e+09 -1.037
1.42062175e+09 -1.0518
1.42062575e+09 -1.04172
1.42062975e+09 -1.03281
1.42063375e+09 -1.04345
1.42063775e+09 -1.03097
1.42064175e+09 -1.03356
1.42064575e+09 -1.04616
1.42064975e+09 -1.02004
1.42065375e+09 -1.0335
1.42065775e+09 -1.04518
1.42066175e+09 -1.03634
1.42066575e+09 -1.03644
1.42066975e+09 -1.03359
1.42067375e+09 -1.04553
1.42067775e+09 -1.05228
1.42068175e+09 -1.0559
1.42068575e+09 -1.03768
1.42068975e+09 -1.0382
1.42069375e+09 -1.04293
1.42069775e+09 -1.03001
1.42070175e+09 -1.03461
1.42070575e+09 -1.03443
1.42070975e+09 -1.0653
1.42071375e+09 -1.047
1.42071775e+09 -1.04636
1.42072175e+09 -1.0655
1.42072575e+09 -1.04063
1.42072975e+09 -1.04883
1.42073375e+09 -1.06037
1.42073775e+09 -1.04685
1.42074175e+09 -1.04383
1.42074575e+09 -1.05504
1.42074975e+09 -1.04987
1.42075375e+09 -1.04653
1.42075775e+09 -1.03767
1.42076175e+09 -1.0336
1.42076575e+09 -1.04804
1.42076975e+09 -1.05287
1.42077375e+09 -1.03491
1.42077775e+09 -1.04095
1.42078175e+09 -1.04584
1.42078575e+09 -1.02892
1.42078975e+09 -1.03198
1.42079375e+09 -1.04654
1.42079775e+09 -1.03497
1.42080175e+09 -1.03237
1.42080575e+09 -1.02776
1.42080975e+09 -1.03965
1.42081375e+09 -1.04545
1.42081775e+09 -1.04347
1.42082175e+09 -1.04226
1.42082575e+09 -1.03665
1.42082975e+09 -1.03033
1.42083375e+09 -1.04313
1.42083775e+09 -1.03908
1.42084175e+09 -1.0544
1.42084575e+09 -1.04029
1.42084975e+09 -1.03165
1.42085375e+09 -1.03654
1.42085775e+09 -1.03718
1.42086175e+09 -1.03082
1.42086575e+09 -1.04594
1.42086975e+09 -1.03127
1.42087375e+09 -1.03316
1.42087775e+09 -1.02524
1.42088175e+09 -1.03948
1.42088575e+09 -1.03538
1.42088975e+09 -1.04683
1.42089375e+09 -1.03117
1.42089775e+09 -1.03926
1.42090175e+09 -1.04676
1.42090575e+09 -1.04493
1.42090975e+09 -1.03968
1.42091375e+09 -1.02897
1.42091775e+09 -1.03095
1.42092175e+09 -1.02801
1.42092575e+09 -1.03053
1.42092975e+09 -1.02056
1.42093375e+09 -1.02618
1.42093775e+09 -1.04134
1.42094175e+09 -1.04272
1.42094575e+09 -1.0335
1.42094975e+09 -1.03829
1.42095375e+09 -1.04071
1.42095775e+09 -1.03242
1.42096175e+09 -1.02271
1.42096575e+09 -1.02652
1.42096975e+09 -1.04201
1.42097375e+09 -1.02433
1.42097775e+09 -1.04565
1.42098175e+09 -1.03858
1.42098575e+09 -1.02054
1.42098975e+09 -1.02557
1.42099375e+09 -1.02028
1.42099775e+09 -1.02012
1.42100175e+09 -1.02203
1.42100575e+09 -1.02812
1.42100975e+09 -1.02451
1.42101375e+09 -1.03148
1.42101775e+09 -1.04068
1.42102175e+09 -1.02829
1.42102575e+09 -1.0319
1.42102975e+09 -1.04198
1.42103375e+09 -1.02846
1.42103775e+09 -1.04092
1.42104175e+09 -1.02986
1.42104575e+09 -1.0515
1.42104975e+09 -1.01301
1.42105375e+09 -1.03315
1.42105775e+09 -1.03385
1.42106175e+09 -1.02064
1.42106575e+09 -1.02447
1.42106975e+09 -1.02236
1.42107375e+09 -1.03131
1.42107775e+09 -1.02686
1.42108175e+09 -1.02526
1.42108575e+09 -1.03965
1.42108975e+09 -1.01553
1.42109375e+09 -1.02886
1.42109775e+09 -1.0353
1.42110175e+09 -1.01449
1.42110575e+09 -1.02616
1.42110975e+09 -1.01304
1.42111375e+09 -1.02714
1.42111775e+09 -1.01894
1.42112175e+09 -1.03579
1.42112575e+09 -1.00787
1.42112975e+09 -1.01465
1.42113375e+09 -1.03574
1.42113775e+09 -1.01823
1.42114175e+09 -1.01796
1.42114575e+09 -1.04583
1.42114975e+09 -1.00162
1.42115375e+09 -1.02827
1.42115775e+09 -1.02342
1.42116175e+09 -1.02885
1.42116575e+09 -1.02866
1.42116975e+09 -1.01152
1.42117375e+09 -1.03034
1.42117775e+09 -1.01713
1.42118175e+09 -1.01534
1.42118575e+09 -1.02975
1.42118975e+09 -1.01836
1.42119375e+09 -1.02633
1.42119775e+09 -1.0254
1.42120175e+09 -1.01581
1.42120575e+09 -1.01005
1.42120975e+09 -1.01049
1.42121375e+09 -1.01712
1.42121775e+09 -1.00692
1.42122175e+09 -1.00647
1.42122575e+09 -1.03133
1.42122975e+09 -1.01729
1.42123375e+09 -1.02984
1.42123775e+09 -1.01133
1.42124175e+09 -0.996326
1.42124575e+09 -0.995557
1.42124975e+09 -1.00677
1.42125375e+09 -1.0099
1.42125775e+09 -1.00287
1.42126175e+09 -1.00278
1.42126575e+09 -1.01533
1.42126975e+09 -1.00857
1.42127375e+09 -1.0045
1.42127775e+09 -1.00555
1.42128175e+09 -0.998835
1.42128575e+09 -1.00914
1.42128975e+09 -1.013
1.42129375e+09 -0.982899
1.42129775e+09 -0.979537
1.42130175e+09 -1.00152
1.42130575e+09 -1.00359
1.42130975e+09 -0.98664
1.42131375e+09 -0.992131
1.42131775e+09 -0.981076
1.42132175e+09 -0.980255
1.42132575e+09 -0.981932
1.42132975e+09 -0.984935
1.42133375e+09 -0.990963
1.42133775e+09 -0.985609
1.42134175e+09 -0.988085
1.42134575e+09 -0.987482
1.42134975e+09 -0.973414
1.42135375e+09 -0.985867
1.42135775e+09 -0.980243
1.42136175e+09 -0.997924
1.42136575e+09 -0.969825
1.42136975e+09 -0.983742
1.42137375e+09 -0.990203
1.42137775e+09 -0.971062
1.42138175e+09 -0.971427
1.42138575e+09 -0.989911
1.42138975e+09 -0.974593
1.42139375e+09 -0.982257
1.42139775e+09 -0.976531
1.42140175e+09 -0.979351


