# rtl-power-fftw output
# galactisch: 208
# antenne: 221-35
# dark: dark20170925063727
# data: A208_20170925081421
# -b: 500
# -t: 150
# -g: 300
# -p: 0
# Acquisition start: 2017-09-25 08:14:21 UTC
# Acquisition end: 2017-09-25 08:16:53 UTC
#
# frequency [Hz] power spectral density [dB/Hz]
1.41940575e+09 -0.826719
1.41940975e+09 -0.835378
1.41941375e+09 -0.853185
1.41941775e+09 -0.830712
1.41942175e+09 -0.82582
1.41942575e+09 -0.828879
1.41942975e+09 -0.8211
1.41943375e+09 -0.828579
1.41943775e+09 -0.834434
1.41944175e+09 -0.813691
1.41944575e+09 -0.813083
1.41944975e+09 -0.809824
1.41945375e+09 -0.819639
1.41945775e+09 -0.806242
1.41946175e+09 -0.824053
1.41946575e+09 -0.812053
1.41946975e+09 -0.798367
1.41947375e+09 -0.79882
1.41947775e+09 -0.782846
1.41948175e+09 -0.797162
1.41948575e+09 -0.790776
1.41948975e+09 -0.786792
1.41949375e+09 -0.779144
1.41949775e+09 -0.786778
1.41950175e+09 -0.783035
1.41950575e+09 -0.756184
1.41950975e+09 -0.762332
1.41951375e+09 -0.770062
1.41951775e+09 -0.773237
1.41952175e+09 -0.788824
1.41952575e+09 -0.759291
1.41952975e+09 -0.754264
1.41953375e+09 -0.760098
1.41953775e+09 -0.757703
1.41954175e+09 -0.763365
1.41954575e+09 -0.754368
1.41954975e+09 -0.755707
1.41955375e+09 -0.758527
1.41955775e+09 -0.753174
1.41956175e+09 -0.755381
1.41956575e+09 -0.75449
1.41956975e+09 -0.775904
1.41957375e+09 -0.764882
1.41957775e+09 -0.756384
1.41958175e+09 -0.757405
1.41958575e+09 -0.753828
1.41958975e+09 -0.77715
1.41959375e+09 -0.74859
1.41959775e+09 -0.753339
1.41960175e+09 -0.758192
1.41960575e+09 -0.766604
1.41960975e+09 -0.757935
1.41961375e+09 -0.764525
1.41961775e+09 -0.760345
1.41962175e+09 -0.762464
1.41962575e+09 -0.769377
1.41962975e+09 -0.753884
1.41963375e+09 -0.76541
1.41963775e+09 -0.772407
1.41964175e+09 -0.765473
1.41964575e+09 -0.748089
1.41964975e+09 -0.758402
1.41965375e+09 -0.76162
1.41965775e+09 -0.758303
1.41966175e+09 -0.761695
1.41966575e+09 -0.755457
1.41966975e+09 -0.768502
1.41967375e+09 -0.775663
1.41967775e+09 -0.758032
1.41968175e+09 -0.7681
1.41968575e+09 -0.755203
1.41968975e+09 -0.757145
1.41969375e+09 -0.751606
1.41969775e+09 -0.756637
1.41970175e+09 -0.763466
1.41970575e+09 -0.764003
1.41970975e+09 -0.762082
1.41971375e+09 -0.78313
1.41971775e+09 -0.776641
1.41972175e+09 -0.783006
1.41972575e+09 -0.781911
1.41972975e+09 -0.782609
1.41973375e+09 -0.757039
1.41973775e+09 -0.776876
1.41974175e+09 -0.776274
1.41974575e+09 -0.774512
1.41974975e+09 -0.786938
1.41975375e+09 -0.772839
1.41975775e+09 -0.782365
1.41976175e+09 -0.780915
1.41976575e+09 -0.775518
1.41976975e+09 -0.767026
1.41977375e+09 -0.766006
1.41977775e+09 -0.7762
1.41978175e+09 -0.785539
1.41978575e+09 -0.780423
1.41978975e+09 -0.791376
1.41979375e+09 -0.776764
1.41979775e+09 -0.78402
1.41980175e+09 -0.777861
1.41980575e+09 -0.78097
1.41980975e+09 -0.776585
1.41981375e+09 -0.790478
1.41981775e+09 -0.800651
1.41982175e+09 -0.775759
1.41982575e+09 -0.787825
1.41982975e+09 -0.786934
1.41983375e+09 -0.801292
1.41983775e+09 -0.78882
1.41984175e+09 -0.778517
1.41984575e+09 -0.781651
1.41984975e+09 -0.781116
1.41985375e+09 -0.785376
1.41985775e+09 -0.788024
1.41986175e+09 -0.78934
1.41986575e+09 -0.788915
1.41986975e+09 -0.788617
1.41987375e+09 -0.796626
1.41987775e+09 -0.790834
1.41988175e+09 -0.784573
1.41988575e+09 -0.79322
1.41988975e+09 -0.781844
1.41989375e+09 -0.767928
1.41989775e+09 -0.806058
1.41990175e+09 -0.789238
1.41990575e+09 -0.79589
1.41990975e+09 -0.783432
1.41991375e+09 -0.805922
1.41991775e+09 -0.794098
1.41992175e+09 -0.792085
1.41992575e+09 -0.790494
1.41992975e+09 -0.805155
1.41993375e+09 -0.808159
1.41993775e+09 -0.796878
1.41994175e+09 -0.796403
1.41994575e+09 -0.799142
1.41994975e+09 -0.807416
1.41995375e+09 -0.788047
1.41995775e+09 -0.803113
1.41996175e+09 -0.807557
1.41996575e+09 -0.798296
1.41996975e+09 -0.79359
1.41997375e+09 -0.809792
1.41997775e+09 -0.794381
1.41998175e+09 -0.792289
1.41998575e+09 -0.816408
1.41998975e+09 -0.812601
1.41999375e+09 -0.800361
1.41999775e+09 -0.797619
1.42000175e+09 -0.794303
1.42000575e+09 -0.80576
1.42000975e+09 -0.817124
1.42001375e+09 -0.807429
1.42001775e+09 -0.806515
1.42002175e+09 -0.816131
1.42002575e+09 -0.794152
1.42002975e+09 -0.812001
1.42003375e+09 -0.797372
1.42003775e+09 -0.816285
1.42004175e+09 -0.806605
1.42004575e+09 -0.804558
1.42004975e+09 -0.796405
1.42005375e+09 -0.802282
1.42005775e+09 -0.813909
1.42006175e+09 -0.807807
1.42006575e+09 -0.796981
1.42006975e+09 -0.811607
1.42007375e+09 -0.795705
1.42007775e+09 -0.814512
1.42008175e+09 -0.801835
1.42008575e+09 -0.801607
1.42008975e+09 -0.812192
1.42009375e+09 -0.814855
1.42009775e+09 -0.810208
1.42010175e+09 -0.804216
1.42010575e+09 -0.810208
1.42010975e+09 -0.800184
1.42011375e+09 -0.809235
1.42011775e+09 -0.799396
1.42012175e+09 -0.790352
1.42012575e+09 -0.796268
1.42012975e+09 -0.79989
1.42013375e+09 -0.777039
1.42013775e+09 -0.782631
1.42014175e+09 -0.789607
1.42014575e+09 -0.780118
1.42014975e+09 -0.786274
1.42015375e+09 -0.783746
1.42015775e+09 -0.778391
1.42016175e+09 -0.763867
1.42016575e+09 -0.771464
1.42016975e+09 -0.760421
1.42017375e+09 -0.764522
1.42017775e+09 -0.76222
1.42018175e+09 -0.764587
1.42018575e+09 -0.757895
1.42018975e+09 -0.722406
1.42019375e+09 -0.735427
1.42019775e+09 -0.725119
1.42020175e+09 -0.711219
1.42020575e+09 -0.704458
1.42020975e+09 -0.688354
1.42021375e+09 -0.676225
1.42021775e+09 -0.653182
1.42022175e+09 -0.628484
1.42022575e+09 -0.596327
1.42022975e+09 -0.584989
1.42023375e+09 -0.555253
1.42023775e+09 -0.5461
1.42024175e+09 -0.512737
1.42024575e+09 -0.493835
1.42024975e+09 -0.410715
1.42025375e+09 -0.456167
1.42025775e+09 -0.435609
1.42026175e+09 -0.425711
1.42026575e+09 -0.408334
1.42026975e+09 -0.410861
1.42027375e+09 -0.391849
1.42027775e+09 -0.381127
1.42028175e+09 -0.396604
1.42028575e+09 -0.367076
1.42028975e+09 -0.369763
1.42029375e+09 -0.343972
1.42029775e+09 -0.347063
1.42030175e+09 -0.335143
1.42030575e+09 -0.322097
1.42030975e+09 -0.31032
1.42031375e+09 -0.29847
1.42031775e+09 -0.300423
1.42032175e+09 -0.307033
1.42032575e+09 -0.283242
1.42032975e+09 -0.270912
1.42033375e+09 -0.271644
1.42033775e+09 -0.275208
1.42034175e+09 -0.268392
1.42034575e+09 -0.270912
1.42034975e+09 -0.263705
1.42035375e+09 -0.255667
1.42035775e+09 -0.233421
1.42036175e+09 -0.238927
1.42036575e+09 -0.238817
1.42036975e+09 -0.244878
1.42037375e+09 -0.230736
1.42037775e+09 -0.245728
1.42038175e+09 -0.259455
1.42038575e+09 -0.259779
1.42038975e+09 -0.256497
1.42039375e+09 -0.254394
1.42039775e+09 -0.256258
1.42040175e+09 -0.245812
1.42040575e+09 -0.238189
1.42040975e+09 -0.230684
1.42041375e+09 -0.225932
1.42041775e+09 -0.232337
1.42042175e+09 -0.217638
1.42042575e+09 -0.236048
1.42042975e+09 -0.265183
1.42043375e+09 -0.29406
1.42043775e+09 -0.314554
1.42044175e+09 -0.352254
1.42044575e+09 -0.404079
1.42044975e+09 -0.440519
1.42045375e+09 -0.483529
1.42045775e+09 -0.533024
1.42046175e+09 -0.557249
1.42046575e+09 -0.589018
1.42046975e+09 -0.636949
1.42047375e+09 -0.672672
1.42047775e+09 -0.703121
1.42048175e+09 -0.733633
1.42048575e+09 -0.733679
1.42048975e+09 -0.754175
1.42049375e+09 -0.7516
1.42049775e+09 -0.769724
1.42050175e+09 -0.768588
1.42050575e+09 -0.770778
1.42050975e+09 -0.79292
1.42051375e+09 -0.789521
1.42051775e+09 -0.809249
1.42052175e+09 -0.8249
1.42052575e+09 -0.834746
1.42052975e+09 -0.820588
1.42053375e+09 -0.838622
1.42053775e+09 -0.834459
1.42054175e+09 -0.853087
1.42054575e+09 -0.846318
1.42054975e+09 -0.848711
1.42055375e+09 -0.853387
1.42055775e+09 -0.866634
1.42056175e+09 -0.862395
1.42056575e+09 -0.861466
1.42056975e+09 -0.852503
1.42057375e+09 -0.87104
1.42057775e+09 -0.882619
1.42058175e+09 -0.865084
1.42058575e+09 -0.870208
1.42058975e+09 -0.87329
1.42059375e+09 -0.864131
1.42059775e+09 -0.886327
1.42060175e+09 -0.87658
1.42060575e+09 -0.856859
1.42060975e+09 -0.876287
1.42061375e+09 -0.889718
1.42061775e+09 -0.873736
1.42062175e+09 -0.902424
1.42062575e+09 -0.881845
1.42062975e+09 -0.870648
1.42063375e+09 -0.885466
1.42063775e+09 -0.880033
1.42064175e+09 -0.884791
1.42064575e+09 -0.886903
1.42064975e+09 -0.861523
1.42065375e+09 -0.888115
1.42065775e+09 -0.88372
1.42066175e+09 -0.884978
1.42066575e+09 -0.877787
1.42066975e+09 -0.868823
1.42067375e+09 -0.886394
1.42067775e+09 -0.889428
1.42068175e+09 -0.886951
1.42068575e+09 -0.88386
1.42068975e+09 -0.89791
1.42069375e+09 -0.882479
1.42069775e+09 -0.878252
1.42070175e+09 -0.877774
1.42070575e+09 -0.891387
1.42070975e+09 -0.893352
1.42071375e+09 -0.882703
1.42071775e+09 -0.8968
1.42072175e+09 -0.900564
1.42072575e+09 -0.893629
1.42072975e+09 -0.89471
1.42073375e+09 -0.909197
1.42073775e+09 -0.899743
1.42074175e+09 -0.882974
1.42074575e+09 -0.897818
1.42074975e+09 -0.908049
1.42075375e+09 -0.897263
1.42075775e+09 -0.893384
1.42076175e+09 -0.889336
1.42076575e+09 -0.893312
1.42076975e+09 -0.889009
1.42077375e+09 -0.886243
1.42077775e+09 -0.883748
1.42078175e+09 -0.880568
1.42078575e+09 -0.874267
1.42078975e+09 -0.875869
1.42079375e+09 -0.873351
1.42079775e+09 -0.877574
1.42080175e+09 -0.891059
1.42080575e+09 -0.878521
1.42080975e+09 -0.894474
1.42081375e+09 -0.888249
1.42081775e+09 -0.898635
1.42082175e+09 -0.88588
1.42082575e+09 -0.890628
1.42082975e+09 -0.877215
1.42083375e+09 -0.888347
1.42083775e+09 -0.880298
1.42084175e+09 -0.897312
1.42084575e+09 -0.888351
1.42084975e+09 -0.872893
1.42085375e+09 -0.880925
1.42085775e+09 -0.88157
1.42086175e+09 -0.885867
1.42086575e+09 -0.886524
1.42086975e+09 -0.872448
1.42087375e+09 -0.883408
1.42087775e+09 -0.875261
1.42088175e+09 -0.884617
1.42088575e+09 -0.889238
1.42088975e+09 -0.890749
1.42089375e+09 -0.880702
1.42089775e+09 -0.888629
1.42090175e+09 -0.883193
1.42090575e+09 -0.903566
1.42090975e+09 -0.884439
1.42091375e+09 -0.869564
1.42091775e+09 -0.865503
1.42092175e+09 -0.883583
1.42092575e+09 -0.872458
1.42092975e+09 -0.879333
1.42093375e+09 -0.876816
1.42093775e+09 -0.883244
1.42094175e+09 -0.895554
1.42094575e+09 -0.875739
1.42094975e+09 -0.885552
1.42095375e+09 -0.876996
1.42095775e+09 -0.881324
1.42096175e+09 -0.871231
1.42096575e+09 -0.877894
1.42096975e+09 -0.887791
1.42097375e+09 -0.857373
1.42097775e+09 -0.884188
1.42098175e+09 -0.889361
1.42098575e+09 -0.875974
1.42098975e+09 -0.876412
1.42099375e+09 -0.88061
1.42099775e+09 -0.880572
1.42100175e+09 -0.877005
1.42100575e+09 -0.885648
1.42100975e+09 -0.886351
1.42101375e+09 -0.89083
1.42101775e+09 -0.900143
1.42102175e+09 -0.897058
1.42102575e+09 -0.888536
1.42102975e+09 -0.887322
1.42103375e+09 -0.896634
1.42103775e+09 -0.890874
1.42104175e+09 -0.890831
1.42104575e+09 -0.887906
1.42104975e+09 -0.875027
1.42105375e+09 -0.888798
1.42105775e+09 -0.871703
1.42106175e+09 -0.876362
1.42106575e+09 -0.894738
1.42106975e+09 -0.881352
1.42107375e+09 -0.903051
1.42107775e+09 -0.893448
1.42108175e+09 -0.892389
1.42108575e+09 -0.891745
1.42108975e+09 -0.890778
1.42109375e+09 -0.890214
1.42109775e+09 -0.892217
1.42110175e+09 -0.877904
1.42110575e+09 -0.879165
1.42110975e+09 -0.876715
1.42111375e+09 -0.874967
1.42111775e+09 -0.885055
1.42112175e+09 -0.887083
1.42112575e+09 -0.878768
1.42112975e+09 -0.866436
1.42113375e+09 -0.899954
1.42113775e+09 -0.87188
1.42114175e+09 -0.883435
1.42114575e+09 -0.896383
1.42114975e+09 -0.87803
1.42115375e+09 -0.889052
1.42115775e+09 -0.896674
1.42116175e+09 -0.886693
1.42116575e+09 -0.888228
1.42116975e+09 -0.878583
1.42117375e+09 -0.884656
1.42117775e+09 -0.889032
1.42118175e+09 -0.884626
1.42118575e+09 -0.887528
1.42118975e+09 -0.881329
1.42119375e+09 -0.887741
1.42119775e+09 -0.892642
1.42120175e+09 -0.879633
1.42120575e+09 -0.869953
1.42120975e+09 -0.892852
1.42121375e+09 -0.88678
1.42121775e+09 -0.873787
1.42122175e+09 -0.87454
1.42122575e+09 -0.880162
1.42122975e+09 -0.886218
1.42123375e+09 -0.904273
1.42123775e+09 -0.875858
1.42124175e+09 -0.878248
1.42124575e+09 -0.860863
1.42124975e+09 -0.871774
1.42125375e+09 -0.867996
1.42125775e+09 -0.877148
1.42126175e+09 -0.873283
1.42126575e+09 -0.89207
1.42126975e+09 -0.879936
1.42127375e+09 -0.873806
1.42127775e+09 -0.865428
1.42128175e+09 -0.86539
1.42128575e+09 -0.865833
1.42128975e+09 -0.870966
1.42129375e+09 -0.862945
1.42129775e+09 -0.861106
1.42130175e+09 -0.872163
1.42130575e+09 -0.863691
1.42130975e+09 -0.862286
1.42131375e+09 -0.867457
1.42131775e+09 -0.859659
1.42132175e+09 -0.847979
1.42132575e+09 -0.840564
1.42132975e+09 -0.850014
1.42133375e+09 -0.851116
1.42133775e+09 -0.871148
1.42134175e+09 -0.861692
1.42134575e+09 -0.853411
1.42134975e+09 -0.854095
1.42135375e+09 -0.861814
1.42135775e+09 -0.856159
1.42136175e+09 -0.851729
1.42136575e+09 -0.850593
1.42136975e+09 -0.82868
1.42137375e+09 -0.84864
1.42137775e+09 -0.839931
1.42138175e+09 -0.829714
1.42138575e+09 -0.847482
1.42138975e+09 -0.835265
1.42139375e+09 -0.828993
1.42139775e+09 -0.818043
1.42140175e+09 -0.829927


