# rtl-power-fftw output
# galactisch: 212
# antenne: 218-32
# dark: dark20170925063727
# data: A212_20170925081806
# -b: 500
# -t: 150
# -g: 300
# -p: 0
# Acquisition start: 2017-09-25 08:18:07 UTC
# Acquisition end: 2017-09-25 08:20:39 UTC
#
# frequency [Hz] power spectral density [dB/Hz]
1.41940575e+09 -1.01066
1.41940975e+09 -1.01062
1.41941375e+09 -1.01898
1.41941775e+09 -1.02297
1.41942175e+09 -1.0112
1.41942575e+09 -1.01101
1.41942975e+09 -1.01235
1.41943375e+09 -1.0091
1.41943775e+09 -1.00876
1.41944175e+09 -0.993333
1.41944575e+09 -1.0065
1.41944975e+09 -1.0009
1.41945375e+09 -0.993026
1.41945775e+09 -0.996372
1.41946175e+09 -0.997914
1.41946575e+09 -0.983396
1.41946975e+09 -0.976135
1.41947375e+09 -0.973454
1.41947775e+09 -0.955741
1.41948175e+09 -0.966321
1.41948575e+09 -0.97034
1.41948975e+09 -0.957991
1.41949375e+09 -0.956004
1.41949775e+09 -0.960497
1.41950175e+09 -0.951676
1.41950575e+09 -0.942758
1.41950975e+09 -0.938413
1.41951375e+09 -0.923962
1.41951775e+09 -0.948428
1.41952175e+09 -0.950735
1.41952575e+09 -0.921983
1.41952975e+09 -0.919111
1.41953375e+09 -0.927013
1.41953775e+09 -0.919161
1.41954175e+09 -0.917929
1.41954575e+09 -0.929097
1.41954975e+09 -0.923027
1.41955375e+09 -0.923178
1.41955775e+09 -0.914423
1.41956175e+09 -0.916932
1.41956575e+09 -0.910787
1.41956975e+09 -0.932998
1.41957375e+09 -0.917855
1.41957775e+09 -0.919108
1.41958175e+09 -0.919348
1.41958575e+09 -0.924905
1.41958975e+09 -0.940464
1.41959375e+09 -0.925348
1.41959775e+09 -0.933713
1.41960175e+09 -0.925364
1.41960575e+09 -0.925723
1.41960975e+09 -0.926301
1.41961375e+09 -0.936118
1.41961775e+09 -0.920319
1.41962175e+09 -0.937817
1.41962575e+09 -0.937424
1.41962975e+09 -0.917164
1.41963375e+09 -0.935643
1.41963775e+09 -0.944971
1.41964175e+09 -0.9237
1.41964575e+09 -0.927248
1.41964975e+09 -0.935758
1.41965375e+09 -0.921774
1.41965775e+09 -0.923223
1.41966175e+09 -0.934046
1.41966575e+09 -0.924932
1.41966975e+09 -0.923178
1.41967375e+09 -0.937676
1.41967775e+09 -0.930431
1.41968175e+09 -0.93548
1.41968575e+09 -0.925047
1.41968975e+09 -0.925729
1.41969375e+09 -0.911972
1.41969775e+09 -0.92992
1.41970175e+09 -0.939435
1.41970575e+09 -0.934546
1.41970975e+09 -0.94
1.41971375e+09 -0.949049
1.41971775e+09 -0.931744
1.41972175e+09 -0.937448
1.41972575e+09 -0.947813
1.41972975e+09 -0.939794
1.41973375e+09 -0.930843
1.41973775e+09 -0.953244
1.41974175e+09 -0.934595
1.41974575e+09 -0.944067
1.41974975e+09 -0.960357
1.41975375e+09 -0.942894
1.41975775e+09 -0.94426
1.41976175e+09 -0.945376
1.41976575e+09 -0.937196
1.41976975e+09 -0.952662
1.41977375e+09 -0.952822
1.41977775e+09 -0.936697
1.41978175e+09 -0.945544
1.41978575e+09 -0.947679
1.41978975e+09 -0.945274
1.41979375e+09 -0.946703
1.41979775e+09 -0.947003
1.41980175e+09 -0.945421
1.41980575e+09 -0.952483
1.41980975e+09 -0.960557
1.41981375e+09 -0.955399
1.41981775e+09 -0.970168
1.41982175e+09 -0.954886
1.41982575e+09 -0.943713
1.41982975e+09 -0.957772
1.41983375e+09 -0.968789
1.41983775e+09 -0.957091
1.41984175e+09 -0.942413
1.41984575e+09 -0.950625
1.41984975e+09 -0.950372
1.41985375e+09 -0.958354
1.41985775e+09 -0.966804
1.41986175e+09 -0.962521
1.41986575e+09 -0.963304
1.41986975e+09 -0.964971
1.41987375e+09 -0.961854
1.41987775e+09 -0.952997
1.41988175e+09 -0.953511
1.41988575e+09 -0.969334
1.41988975e+09 -0.951033
1.41989375e+09 -0.955557
1.41989775e+09 -0.974467
1.41990175e+09 -0.970663
1.41990575e+09 -0.962946
1.41990975e+09 -0.946688
1.41991375e+09 -0.969146
1.41991775e+09 -0.977944
1.41992175e+09 -0.963447
1.41992575e+09 -0.949806
1.41992975e+09 -0.959278
1.41993375e+09 -0.981033
1.41993775e+09 -0.97817
1.41994175e+09 -0.963839
1.41994575e+09 -0.976131
1.41994975e+09 -0.967086
1.41995375e+09 -0.954414
1.41995775e+09 -0.971195
1.41996175e+09 -0.96955
1.41996575e+09 -0.979124
1.41996975e+09 -0.974898
1.41997375e+09 -0.975343
1.41997775e+09 -0.971083
1.41998175e+09 -0.96462
1.41998575e+09 -0.963421
1.41998975e+09 -0.966041
1.41999375e+09 -0.969461
1.41999775e+09 -0.961838
1.42000175e+09 -0.963052
1.42000575e+09 -0.965953
1.42000975e+09 -0.961636
1.42001375e+09 -0.97845
1.42001775e+09 -0.978171
1.42002175e+09 -0.963166
1.42002575e+09 -0.965412
1.42002975e+09 -0.966189
1.42003375e+09 -0.972937
1.42003775e+09 -0.973188
1.42004175e+09 -0.959801
1.42004575e+09 -0.968056
1.42004975e+09 -0.960157
1.42005375e+09 -0.948714
1.42005775e+09 -0.97847
1.42006175e+09 -0.978947
1.42006575e+09 -0.953321
1.42006975e+09 -0.976092
1.42007375e+09 -0.954203
1.42007775e+09 -0.964035
1.42008175e+09 -0.966285
1.42008575e+09 -0.954917
1.42008975e+09 -0.963384
1.42009375e+09 -0.970732
1.42009775e+09 -0.974144
1.42010175e+09 -0.948834
1.42010575e+09 -0.960846
1.42010975e+09 -0.937889
1.42011375e+09 -0.958193
1.42011775e+09 -0.946703
1.42012175e+09 -0.923648
1.42012575e+09 -0.936878
1.42012975e+09 -0.925507
1.42013375e+09 -0.919912
1.42013775e+09 -0.909346
1.42014175e+09 -0.916617
1.42014575e+09 -0.902246
1.42014975e+09 -0.893954
1.42015375e+09 -0.874583
1.42015775e+09 -0.864074
1.42016175e+09 -0.854186
1.42016575e+09 -0.85293
1.42016975e+09 -0.830805
1.42017375e+09 -0.827672
1.42017775e+09 -0.832482
1.42018175e+09 -0.797624
1.42018575e+09 -0.778634
1.42018975e+09 -0.738543
1.42019375e+09 -0.735779
1.42019775e+09 -0.728161
1.42020175e+09 -0.682527
1.42020575e+09 -0.66286
1.42020975e+09 -0.638114
1.42021375e+09 -0.621756
1.42021775e+09 -0.592819
1.42022175e+09 -0.565584
1.42022575e+09 -0.526937
1.42022975e+09 -0.533234
1.42023375e+09 -0.505205
1.42023775e+09 -0.492919
1.42024175e+09 -0.475222
1.42024575e+09 -0.460976
1.42024975e+09 -0.423318
1.42025375e+09 -0.459834
1.42025775e+09 -0.449687
1.42026175e+09 -0.451584
1.42026575e+09 -0.473656
1.42026975e+09 -0.48539
1.42027375e+09 -0.502896
1.42027775e+09 -0.503913
1.42028175e+09 -0.525113
1.42028575e+09 -0.522109
1.42028975e+09 -0.520691
1.42029375e+09 -0.506327
1.42029775e+09 -0.5301
1.42030175e+09 -0.511385
1.42030575e+09 -0.497204
1.42030975e+09 -0.497589
1.42031375e+09 -0.48438
1.42031775e+09 -0.482586
1.42032175e+09 -0.475229
1.42032575e+09 -0.459679
1.42032975e+09 -0.463715
1.42033375e+09 -0.469389
1.42033775e+09 -0.45425
1.42034175e+09 -0.471399
1.42034575e+09 -0.46891
1.42034975e+09 -0.463463
1.42035375e+09 -0.468709
1.42035775e+09 -0.447678
1.42036175e+09 -0.463458
1.42036575e+09 -0.448598
1.42036975e+09 -0.463825
1.42037375e+09 -0.447858
1.42037775e+09 -0.446991
1.42038175e+09 -0.435592
1.42038575e+09 -0.427288
1.42038975e+09 -0.413259
1.42039375e+09 -0.397529
1.42039775e+09 -0.371818
1.42040175e+09 -0.377396
1.42040575e+09 -0.371401
1.42040975e+09 -0.365518
1.42041375e+09 -0.368753
1.42041775e+09 -0.406722
1.42042175e+09 -0.422789
1.42042575e+09 -0.455854
1.42042975e+09 -0.503592
1.42043375e+09 -0.552548
1.42043775e+09 -0.594559
1.42044175e+09 -0.633444
1.42044575e+09 -0.703065
1.42044975e+09 -0.742606
1.42045375e+09 -0.791886
1.42045775e+09 -0.827536
1.42046175e+09 -0.859474
1.42046575e+09 -0.875042
1.42046975e+09 -0.901926
1.42047375e+09 -0.925892
1.42047775e+09 -0.945582
1.42048175e+09 -0.976072
1.42048575e+09 -0.96044
1.42048975e+09 -0.970991
1.42049375e+09 -0.964988
1.42049775e+09 -0.993773
1.42050175e+09 -0.9852
1.42050575e+09 -0.993968
1.42050975e+09 -1.00253
1.42051375e+09 -1.00949
1.42051775e+09 -1.00286
1.42052175e+09 -1.02215
1.42052575e+09 -1.02611
1.42052975e+09 -1.02051
1.42053375e+09 -1.03443
1.42053775e+09 -1.03666
1.42054175e+09 -1.04007
1.42054575e+09 -1.03475
1.42054975e+09 -1.03523
1.42055375e+09 -1.02952
1.42055775e+09 -1.04857
1.42056175e+09 -1.04824
1.42056575e+09 -1.04877
1.42056975e+09 -1.04187
1.42057375e+09 -1.03337
1.42057775e+09 -1.05275
1.42058175e+09 -1.05708
1.42058575e+09 -1.03842
1.42058975e+09 -1.04326
1.42059375e+09 -1.04585
1.42059775e+09 -1.06727
1.42060175e+09 -1.05262
1.42060575e+09 -1.03644
1.42060975e+09 -1.05581
1.42061375e+09 -1.06045
1.42061775e+09 -1.0568
1.42062175e+09 -1.05146
1.42062575e+09 -1.0647
1.42062975e+09 -1.0556
1.42063375e+09 -1.07274
1.42063775e+09 -1.05495
1.42064175e+09 -1.06309
1.42064575e+09 -1.05286
1.42064975e+09 -1.0573
1.42065375e+09 -1.04479
1.42065775e+09 -1.06304
1.42066175e+09 -1.05773
1.42066575e+09 -1.06852
1.42066975e+09 -1.05709
1.42067375e+09 -1.06689
1.42067775e+09 -1.08371
1.42068175e+09 -1.07135
1.42068575e+09 -1.06894
1.42068975e+09 -1.06406
1.42069375e+09 -1.07819
1.42069775e+09 -1.06009
1.42070175e+09 -1.0554
1.42070575e+09 -1.07068
1.42070975e+09 -1.06795
1.42071375e+09 -1.06352
1.42071775e+09 -1.07254
1.42072175e+09 -1.08644
1.42072575e+09 -1.06775
1.42072975e+09 -1.06918
1.42073375e+09 -1.08042
1.42073775e+09 -1.08021
1.42074175e+09 -1.07518
1.42074575e+09 -1.08252
1.42074975e+09 -1.06839
1.42075375e+09 -1.08039
1.42075775e+09 -1.06554
1.42076175e+09 -1.06864
1.42076575e+09 -1.07598
1.42076975e+09 -1.07558
1.42077375e+09 -1.06561
1.42077775e+09 -1.06268
1.42078175e+09 -1.06909
1.42078575e+09 -1.06615
1.42078975e+09 -1.05958
1.42079375e+09 -1.05948
1.42079775e+09 -1.05028
1.42080175e+09 -1.06481
1.42080575e+09 -1.03974
1.42080975e+09 -1.07697
1.42081375e+09 -1.07158
1.42081775e+09 -1.07506
1.42082175e+09 -1.06667
1.42082575e+09 -1.07188
1.42082975e+09 -1.05153
1.42083375e+09 -1.0665
1.42083775e+09 -1.06498
1.42084175e+09 -1.06971
1.42084575e+09 -1.05715
1.42084975e+09 -1.06286
1.42085375e+09 -1.0686
1.42085775e+09 -1.05422
1.42086175e+09 -1.05861
1.42086575e+09 -1.07108
1.42086975e+09 -1.05645
1.42087375e+09 -1.06242
1.42087775e+09 -1.05657
1.42088175e+09 -1.06196
1.42088575e+09 -1.06616
1.42088975e+09 -1.07434
1.42089375e+09 -1.0635
1.42089775e+09 -1.07348
1.42090175e+09 -1.0745
1.42090575e+09 -1.06596
1.42090975e+09 -1.06039
1.42091375e+09 -1.06436
1.42091775e+09 -1.06313
1.42092175e+09 -1.065
1.42092575e+09 -1.05869
1.42092975e+09 -1.05236
1.42093375e+09 -1.0594
1.42093775e+09 -1.06425
1.42094175e+09 -1.06421
1.42094575e+09 -1.06725
1.42094975e+09 -1.08457
1.42095375e+09 -1.05803
1.42095775e+09 -1.05897
1.42096175e+09 -1.05764
1.42096575e+09 -1.05846
1.42096975e+09 -1.0765
1.42097375e+09 -1.05438
1.42097775e+09 -1.08835
1.42098175e+09 -1.07578
1.42098575e+09 -1.04946
1.42098975e+09 -1.0592
1.42099375e+09 -1.05656
1.42099775e+09 -1.0648
1.42100175e+09 -1.07492
1.42100575e+09 -1.06628
1.42100975e+09 -1.0595
1.42101375e+09 -1.05985
1.42101775e+09 -1.07099
1.42102175e+09 -1.05978
1.42102575e+09 -1.07418
1.42102975e+09 -1.07257
1.42103375e+09 -1.07939
1.42103775e+09 -1.07715
1.42104175e+09 -1.0681
1.42104575e+09 -1.07419
1.42104975e+09 -1.06861
1.42105375e+09 -1.0631
1.42105775e+09 -1.06983
1.42106175e+09 -1.05878
1.42106575e+09 -1.0705
1.42106975e+09 -1.0664
1.42107375e+09 -1.08071
1.42107775e+09 -1.07581
1.42108175e+09 -1.06682
1.42108575e+09 -1.08259
1.42108975e+09 -1.06562
1.42109375e+09 -1.07685
1.42109775e+09 -1.07123
1.42110175e+09 -1.0656
1.42110575e+09 -1.06414
1.42110975e+09 -1.04576
1.42111375e+09 -1.06434
1.42111775e+09 -1.07614
1.42112175e+09 -1.06539
1.42112575e+09 -1.06221
1.42112975e+09 -1.05276
1.42113375e+09 -1.06816
1.42113775e+09 -1.0672
1.42114175e+09 -1.0605
1.42114575e+09 -1.08454
1.42114975e+09 -1.04521
1.42115375e+09 -1.07229
1.42115775e+09 -1.06601
1.42116175e+09 -1.06488
1.42116575e+09 -1.0594
1.42116975e+09 -1.05969
1.42117375e+09 -1.06314
1.42117775e+09 -1.06041
1.42118175e+09 -1.06966
1.42118575e+09 -1.08126
1.42118975e+09 -1.06011
1.42119375e+09 -1.06547
1.42119775e+09 -1.0615
1.42120175e+09 -1.06257
1.42120575e+09 -1.06086
1.42120975e+09 -1.0573
1.42121375e+09 -1.06191
1.42121775e+09 -1.04703
1.42122175e+09 -1.05815
1.42122575e+09 -1.06752
1.42122975e+09 -1.06617
1.42123375e+09 -1.0708
1.42123775e+09 -1.04556
1.42124175e+09 -1.05817
1.42124575e+09 -1.05254
1.42124975e+09 -1.04895
1.42125375e+09 -1.05943
1.42125775e+09 -1.061
1.42126175e+09 -1.04069
1.42126575e+09 -1.06562
1.42126975e+09 -1.05401
1.42127375e+09 -1.06119
1.42127775e+09 -1.05738
1.42128175e+09 -1.03935
1.42128575e+09 -1.03893
1.42128975e+09 -1.05231
1.42129375e+09 -1.04642
1.42129775e+09 -1.03458
1.42130175e+09 -1.02651
1.42130575e+09 -1.04779
1.42130975e+09 -1.04128
1.42131375e+09 -1.03236
1.42131775e+09 -1.04019
1.42132175e+09 -1.034
1.42132575e+09 -1.02359
1.42132975e+09 -1.03678
1.42133375e+09 -1.02637
1.42133775e+09 -1.03537
1.42134175e+09 -1.0321
1.42134575e+09 -1.02628
1.42134975e+09 -1.02772
1.42135375e+09 -1.02825
1.42135775e+09 -1.02406
1.42136175e+09 -1.03152
1.42136575e+09 -1.01698
1.42136975e+09 -1.01274
1.42137375e+09 -1.02255
1.42137775e+09 -1.02368
1.42138175e+09 -1.01041
1.42138575e+09 -1.0213
1.42138975e+09 -1.0052
1.42139375e+09 -1.00374
1.42139775e+09 -1.0305
1.42140175e+09 -1.02109


