# rtl-power-fftw output
# galactisch: 216
# antenne: 216-29
# dark: dark20170925063727
# data: A216_20170925082155
# -b: 500
# -t: 150
# -g: 300
# -p: 0
# Acquisition start: 2017-09-25 08:21:56 UTC
# Acquisition end: 2017-09-25 08:24:27 UTC
#
# frequency [Hz] power spectral density [dB/Hz]
1.41940575e+09 -1.04448
1.41940975e+09 -1.03219
1.41941375e+09 -1.07071
1.41941775e+09 -1.04925
1.41942175e+09 -1.04887
1.41942575e+09 -1.04467
1.41942975e+09 -1.05184
1.41943375e+09 -1.04625
1.41943775e+09 -1.05107
1.41944175e+09 -1.03104
1.41944575e+09 -1.03414
1.41944975e+09 -1.04067
1.41945375e+09 -1.02569
1.41945775e+09 -1.04388
1.41946175e+09 -1.05563
1.41946575e+09 -1.03546
1.41946975e+09 -1.03089
1.41947375e+09 -1.03203
1.41947775e+09 -1.00921
1.41948175e+09 -1.03077
1.41948575e+09 -1.02438
1.41948975e+09 -1.0153
1.41949375e+09 -1.00957
1.41949775e+09 -1.00816
1.41950175e+09 -1.01785
1.41950575e+09 -0.995466
1.41950975e+09 -1.00132
1.41951375e+09 -0.998365
1.41951775e+09 -0.994693
1.41952175e+09 -0.99938
1.41952575e+09 -0.979555
1.41952975e+09 -0.966773
1.41953375e+09 -0.976211
1.41953775e+09 -0.974309
1.41954175e+09 -0.968274
1.41954575e+09 -0.988565
1.41954975e+09 -0.973608
1.41955375e+09 -0.964558
1.41955775e+09 -0.969732
1.41956175e+09 -0.978195
1.41956575e+09 -0.974521
1.41956975e+09 -1.00346
1.41957375e+09 -0.982781
1.41957775e+09 -0.964221
1.41958175e+09 -0.976751
1.41958575e+09 -0.969694
1.41958975e+09 -0.974858
1.41959375e+09 -0.977312
1.41959775e+09 -0.974234
1.41960175e+09 -0.97615
1.41960575e+09 -0.984028
1.41960975e+09 -0.963434
1.41961375e+09 -0.987002
1.41961775e+09 -0.980595
1.41962175e+09 -0.986369
1.41962575e+09 -0.987416
1.41962975e+09 -0.965312
1.41963375e+09 -0.979277
1.41963775e+09 -0.978453
1.41964175e+09 -0.968908
1.41964575e+09 -0.965623
1.41964975e+09 -0.978766
1.41965375e+09 -0.972643
1.41965775e+09 -0.973246
1.41966175e+09 -0.981337
1.41966575e+09 -0.987293
1.41966975e+09 -0.985396
1.41967375e+09 -0.984826
1.41967775e+09 -0.981128
1.41968175e+09 -0.985644
1.41968575e+09 -0.985147
1.41968975e+09 -0.976879
1.41969375e+09 -0.975064
1.41969775e+09 -0.980282
1.41970175e+09 -0.972842
1.41970575e+09 -0.983164
1.41970975e+09 -0.987633
1.41971375e+09 -0.999858
1.41971775e+09 -0.987738
1.41972175e+09 -0.990773
1.41972575e+09 -1.00547
1.41972975e+09 -0.991042
1.41973375e+09 -0.976292
1.41973775e+09 -0.992295
1.41974175e+09 -0.990437
1.41974575e+09 -0.990391
1.41974975e+09 -1.00368
1.41975375e+09 -0.997545
1.41975775e+09 -0.986714
1.41976175e+09 -0.990254
1.41976575e+09 -1.003
1.41976975e+09 -0.986673
1.41977375e+09 -0.994714
1.41977775e+09 -0.999568
1.41978175e+09 -0.99766
1.41978575e+09 -0.982037
1.41978975e+09 -0.996651
1.41979375e+09 -0.991676
1.41979775e+09 -0.984871
1.41980175e+09 -1.00394
1.41980575e+09 -0.99996
1.41980975e+09 -1.00587
1.41981375e+09 -0.999321
1.41981775e+09 -1.00769
1.41982175e+09 -1.00203
1.41982575e+09 -0.996009
1.41982975e+09 -0.995505
1.41983375e+09 -1.01689
1.41983775e+09 -0.995994
1.41984175e+09 -0.999503
1.41984575e+09 -0.996379
1.41984975e+09 -0.994847
1.41985375e+09 -0.998855
1.41985775e+09 -1.00697
1.41986175e+09 -1.008
1.41986575e+09 -1.01124
1.41986975e+09 -1.01552
1.41987375e+09 -1.0025
1.41987775e+09 -0.997181
1.41988175e+09 -0.995248
1.41988575e+09 -1.02768
1.41988975e+09 -0.996943
1.41989375e+09 -1.00413
1.41989775e+09 -1.01628
1.41990175e+09 -1.01719
1.41990575e+09 -1.013
1.41990975e+09 -0.997543
1.41991375e+09 -1.0266
1.41991775e+09 -1.01262
1.41992175e+09 -1.01063
1.41992575e+09 -1.00223
1.41992975e+09 -1.00937
1.41993375e+09 -1.02185
1.41993775e+09 -1.01112
1.41994175e+09 -1.0057
1.41994575e+09 -1.01561
1.41994975e+09 -1.00963
1.41995375e+09 -0.999328
1.41995775e+09 -1.00979
1.41996175e+09 -1.01812
1.41996575e+09 -1.01501
1.41996975e+09 -1.00965
1.41997375e+09 -1.02469
1.41997775e+09 -0.992319
1.41998175e+09 -1.00183
1.41998575e+09 -1.01665
1.41998975e+09 -1.01453
1.41999375e+09 -1.02342
1.41999775e+09 -1.00825
1.42000175e+09 -1.0061
1.42000575e+09 -1.01187
1.42000975e+09 -1.00922
1.42001375e+09 -1.00873
1.42001775e+09 -1.01359
1.42002175e+09 -1.01851
1.42002575e+09 -1.01693
1.42002975e+09 -1.02246
1.42003375e+09 -0.998882
1.42003775e+09 -1.01456
1.42004175e+09 -0.996637
1.42004575e+09 -1.0121
1.42004975e+09 -0.992521
1.42005375e+09 -0.995678
1.42005775e+09 -1.02558
1.42006175e+09 -0.999559
1.42006575e+09 -0.980898
1.42006975e+09 -0.998995
1.42007375e+09 -0.989914
1.42007775e+09 -0.992209
1.42008175e+09 -0.998482
1.42008575e+09 -0.980547
1.42008975e+09 -0.990221
1.42009375e+09 -0.988089
1.42009775e+09 -0.989968
1.42010175e+09 -0.974328
1.42010575e+09 -0.975068
1.42010975e+09 -0.953541
1.42011375e+09 -0.955618
1.42011775e+09 -0.935549
1.42012175e+09 -0.923886
1.42012575e+09 -0.928223
1.42012975e+09 -0.915987
1.42013375e+09 -0.90857
1.42013775e+09 -0.887821
1.42014175e+09 -0.873809
1.42014575e+09 -0.851989
1.42014975e+09 -0.83665
1.42015375e+09 -0.815435
1.42015775e+09 -0.79173
1.42016175e+09 -0.765691
1.42016575e+09 -0.75429
1.42016975e+09 -0.730149
1.42017375e+09 -0.722854
1.42017775e+09 -0.713872
1.42018175e+09 -0.681069
1.42018575e+09 -0.656287
1.42018975e+09 -0.632786
1.42019375e+09 -0.613723
1.42019775e+09 -0.609993
1.42020175e+09 -0.592544
1.42020575e+09 -0.563734
1.42020975e+09 -0.553825
1.42021375e+09 -0.56198
1.42021775e+09 -0.531532
1.42022175e+09 -0.520501
1.42022575e+09 -0.521388
1.42022975e+09 -0.535471
1.42023375e+09 -0.508291
1.42023775e+09 -0.519401
1.42024175e+09 -0.522556
1.42024575e+09 -0.520559
1.42024975e+09 -0.46728
1.42025375e+09 -0.546954
1.42025775e+09 -0.541627
1.42026175e+09 -0.562852
1.42026575e+09 -0.58597
1.42026975e+09 -0.598299
1.42027375e+09 -0.612862
1.42027775e+09 -0.61091
1.42028175e+09 -0.620554
1.42028575e+09 -0.617716
1.42028975e+09 -0.613559
1.42029375e+09 -0.587588
1.42029775e+09 -0.590215
1.42030175e+09 -0.575997
1.42030575e+09 -0.541763
1.42030975e+09 -0.547812
1.42031375e+09 -0.515814
1.42031775e+09 -0.522205
1.42032175e+09 -0.523839
1.42032575e+09 -0.515399
1.42032975e+09 -0.510419
1.42033375e+09 -0.530023
1.42033775e+09 -0.524025
1.42034175e+09 -0.521004
1.42034575e+09 -0.546278
1.42034975e+09 -0.546493
1.42035375e+09 -0.573646
1.42035775e+09 -0.544167
1.42036175e+09 -0.560269
1.42036575e+09 -0.549783
1.42036975e+09 -0.564987
1.42037375e+09 -0.54483
1.42037775e+09 -0.554873
1.42038175e+09 -0.540208
1.42038575e+09 -0.540151
1.42038975e+09 -0.533665
1.42039375e+09 -0.510417
1.42039775e+09 -0.514592
1.42040175e+09 -0.496182
1.42040575e+09 -0.507093
1.42040975e+09 -0.518126
1.42041375e+09 -0.510951
1.42041775e+09 -0.545055
1.42042175e+09 -0.555826
1.42042575e+09 -0.603936
1.42042975e+09 -0.638521
1.42043375e+09 -0.696206
1.42043775e+09 -0.739252
1.42044175e+09 -0.780466
1.42044575e+09 -0.823054
1.42044975e+09 -0.849022
1.42045375e+09 -0.901615
1.42045775e+09 -0.926172
1.42046175e+09 -0.941543
1.42046575e+09 -0.961902
1.42046975e+09 -0.984792
1.42047375e+09 -1.00576
1.42047775e+09 -1.00806
1.42048175e+09 -1.03194
1.42048575e+09 -1.02119
1.42048975e+09 -1.02974
1.42049375e+09 -1.02156
1.42049775e+09 -1.04162
1.42050175e+09 -1.02823
1.42050575e+09 -1.03406
1.42050975e+09 -1.05087
1.42051375e+09 -1.04688
1.42051775e+09 -1.06344
1.42052175e+09 -1.05675
1.42052575e+09 -1.07526
1.42052975e+09 -1.05884
1.42053375e+09 -1.05928
1.42053775e+09 -1.0697
1.42054175e+09 -1.07044
1.42054575e+09 -1.07058
1.42054975e+09 -1.07272
1.42055375e+09 -1.0646
1.42055775e+09 -1.08986
1.42056175e+09 -1.07446
1.42056575e+09 -1.0777
1.42056975e+09 -1.08786
1.42057375e+09 -1.08642
1.42057775e+09 -1.08434
1.42058175e+09 -1.07291
1.42058575e+09 -1.06718
1.42058975e+09 -1.08682
1.42059375e+09 -1.08221
1.42059775e+09 -1.09444
1.42060175e+09 -1.08941
1.42060575e+09 -1.08195
1.42060975e+09 -1.08822
1.42061375e+09 -1.09145
1.42061775e+09 -1.08414
1.42062175e+09 -1.10043
1.42062575e+09 -1.08778
1.42062975e+09 -1.08521
1.42063375e+09 -1.10124
1.42063775e+09 -1.08782
1.42064175e+09 -1.09468
1.42064575e+09 -1.09013
1.42064975e+09 -1.09429
1.42065375e+09 -1.08929
1.42065775e+09 -1.09017
1.42066175e+09 -1.09266
1.42066575e+09 -1.09753
1.42066975e+09 -1.08882
1.42067375e+09 -1.10621
1.42067775e+09 -1.09761
1.42068175e+09 -1.10046
1.42068575e+09 -1.09208
1.42068975e+09 -1.09908
1.42069375e+09 -1.09515
1.42069775e+09 -1.09837
1.42070175e+09 -1.09327
1.42070575e+09 -1.10195
1.42070975e+09 -1.108
1.42071375e+09 -1.09732
1.42071775e+09 -1.10843
1.42072175e+09 -1.12067
1.42072575e+09 -1.10801
1.42072975e+09 -1.10298
1.42073375e+09 -1.104
1.42073775e+09 -1.09609
1.42074175e+09 -1.0871
1.42074575e+09 -1.1046
1.42074975e+09 -1.1001
1.42075375e+09 -1.10085
1.42075775e+09 -1.09373
1.42076175e+09 -1.10512
1.42076575e+09 -1.09687
1.42076975e+09 -1.10572
1.42077375e+09 -1.10149
1.42077775e+09 -1.0931
1.42078175e+09 -1.09986
1.42078575e+09 -1.09109
1.42078975e+09 -1.08821
1.42079375e+09 -1.09705
1.42079775e+09 -1.09564
1.42080175e+09 -1.09484
1.42080575e+09 -1.05961
1.42080975e+09 -1.09625
1.42081375e+09 -1.10169
1.42081775e+09 -1.09837
1.42082175e+09 -1.0837
1.42082575e+09 -1.10184
1.42082975e+09 -1.08107
1.42083375e+09 -1.10098
1.42083775e+09 -1.09122
1.42084175e+09 -1.11641
1.42084575e+09 -1.09297
1.42084975e+09 -1.09538
1.42085375e+09 -1.09723
1.42085775e+09 -1.08422
1.42086175e+09 -1.09089
1.42086575e+09 -1.08856
1.42086975e+09 -1.08139
1.42087375e+09 -1.08793
1.42087775e+09 -1.08076
1.42088175e+09 -1.09303
1.42088575e+09 -1.09788
1.42088975e+09 -1.08272
1.42089375e+09 -1.08281
1.42089775e+09 -1.09476
1.42090175e+09 -1.10601
1.42090575e+09 -1.10398
1.42090975e+09 -1.09938
1.42091375e+09 -1.08593
1.42091775e+09 -1.08415
1.42092175e+09 -1.10033
1.42092575e+09 -1.088
1.42092975e+09 -1.07725
1.42093375e+09 -1.08966
1.42093775e+09 -1.09454
1.42094175e+09 -1.10312
1.42094575e+09 -1.08888
1.42094975e+09 -1.10922
1.42095375e+09 -1.09492
1.42095775e+09 -1.09024
1.42096175e+09 -1.08354
1.42096575e+09 -1.08874
1.42096975e+09 -1.10447
1.42097375e+09 -1.076
1.42097775e+09 -1.10005
1.42098175e+09 -1.09613
1.42098575e+09 -1.09123
1.42098975e+09 -1.07733
1.42099375e+09 -1.08342
1.42099775e+09 -1.08068
1.42100175e+09 -1.08016
1.42100575e+09 -1.08589
1.42100975e+09 -1.08917
1.42101375e+09 -1.09435
1.42101775e+09 -1.09653
1.42102175e+09 -1.08999
1.42102575e+09 -1.08938
1.42102975e+09 -1.0961
1.42103375e+09 -1.11065
1.42103775e+09 -1.10162
1.42104175e+09 -1.08657
1.42104575e+09 -1.0999
1.42104975e+09 -1.0797
1.42105375e+09 -1.09275
1.42105775e+09 -1.08986
1.42106175e+09 -1.0871
1.42106575e+09 -1.09279
1.42106975e+09 -1.0975
1.42107375e+09 -1.10452
1.42107775e+09 -1.0833
1.42108175e+09 -1.09472
1.42108575e+09 -1.09908
1.42108975e+09 -1.08619
1.42109375e+09 -1.10356
1.42109775e+09 -1.09877
1.42110175e+09 -1.07887
1.42110575e+09 -1.1017
1.42110975e+09 -1.07632
1.42111375e+09 -1.07578
1.42111775e+09 -1.0921
1.42112175e+09 -1.0954
1.42112575e+09 -1.09493
1.42112975e+09 -1.08177
1.42113375e+09 -1.11278
1.42113775e+09 -1.09065
1.42114175e+09 -1.08222
1.42114575e+09 -1.098
1.42114975e+09 -1.07823
1.42115375e+09 -1.09374
1.42115775e+09 -1.09603
1.42116175e+09 -1.08653
1.42116575e+09 -1.09402
1.42116975e+09 -1.08506
1.42117375e+09 -1.09399
1.42117775e+09 -1.07921
1.42118175e+09 -1.08161
1.42118575e+09 -1.09242
1.42118975e+09 -1.09243
1.42119375e+09 -1.08309
1.42119775e+09 -1.0935
1.42120175e+09 -1.08177
1.42120575e+09 -1.0985
1.42120975e+09 -1.0834
1.42121375e+09 -1.08533
1.42121775e+09 -1.06971
1.42122175e+09 -1.07764
1.42122575e+09 -1.09641
1.42122975e+09 -1.08296
1.42123375e+09 -1.08943
1.42123775e+09 -1.07819
1.42124175e+09 -1.07054
1.42124575e+09 -1.06723
1.42124975e+09 -1.06676
1.42125375e+09 -1.08563
1.42125775e+09 -1.0812
1.42126175e+09 -1.06287
1.42126575e+09 -1.09076
1.42126975e+09 -1.07889
1.42127375e+09 -1.07063
1.42127775e+09 -1.06617
1.42128175e+09 -1.07412
1.42128575e+09 -1.05623
1.42128975e+09 -1.06784
1.42129375e+09 -1.06214
1.42129775e+09 -1.06018
1.42130175e+09 -1.06493
1.42130575e+09 -1.06443
1.42130975e+09 -1.05853
1.42131375e+09 -1.06216
1.42131775e+09 -1.05172
1.42132175e+09 -1.05141
1.42132575e+09 -1.0433
1.42132975e+09 -1.04678
1.42133375e+09 -1.05708
1.42133775e+09 -1.05689
1.42134175e+09 -1.06261
1.42134575e+09 -1.05028
1.42134975e+09 -1.05637
1.42135375e+09 -1.05441
1.42135775e+09 -1.04798
1.42136175e+09 -1.06071
1.42136575e+09 -1.04798
1.42136975e+09 -1.03763
1.42137375e+09 -1.04458
1.42137775e+09 -1.04098
1.42138175e+09 -1.04815
1.42138575e+09 -1.06225
1.42138975e+09 -1.03668
1.42139375e+09 -1.04916
1.42139775e+09 -1.05018
1.42140175e+09 -1.04155


