# rtl-power-fftw output
# galactisch: 220
# antenne: 214-26
# dark: dark20170925063727
# data: A220_20170925082704
# -b: 500
# -t: 150
# -g: 300
# -p: 0
# Acquisition start: 2017-09-25 08:27:05 UTC
# Acquisition end: 2017-09-25 08:29:36 UTC
#
# frequency [Hz] power spectral density [dB/Hz]
1.41940575e+09 -0.905456
1.41940975e+09 -0.910682
1.41941375e+09 -0.917484
1.41941775e+09 -0.918009
1.41942175e+09 -0.905211
1.41942575e+09 -0.926635
1.41942975e+09 -0.901909
1.41943375e+09 -0.918192
1.41943775e+09 -0.910782
1.41944175e+09 -0.9045
1.41944575e+09 -0.906052
1.41944975e+09 -0.891313
1.41945375e+09 -0.902489
1.41945775e+09 -0.894801
1.41946175e+09 -0.919676
1.41946575e+09 -0.911026
1.41946975e+09 -0.898358
1.41947375e+09 -0.908286
1.41947775e+09 -0.898999
1.41948175e+09 -0.890224
1.41948575e+09 -0.891674
1.41948975e+09 -0.887793
1.41949375e+09 -0.884165
1.41949775e+09 -0.88847
1.41950175e+09 -0.88403
1.41950575e+09 -0.875765
1.41950975e+09 -0.872941
1.41951375e+09 -0.870547
1.41951775e+09 -0.883927
1.41952175e+09 -0.879341
1.41952575e+09 -0.853408
1.41952975e+09 -0.849916
1.41953375e+09 -0.862596
1.41953775e+09 -0.848739
1.41954175e+09 -0.85804
1.41954575e+09 -0.867802
1.41954975e+09 -0.86019
1.41955375e+09 -0.851611
1.41955775e+09 -0.852171
1.41956175e+09 -0.858781
1.41956575e+09 -0.851879
1.41956975e+09 -0.872222
1.41957375e+09 -0.862455
1.41957775e+09 -0.852305
1.41958175e+09 -0.856869
1.41958575e+09 -0.848995
1.41958975e+09 -0.866832
1.41959375e+09 -0.858344
1.41959775e+09 -0.855103
1.41960175e+09 -0.84056
1.41960575e+09 -0.853128
1.41960975e+09 -0.841236
1.41961375e+09 -0.861063
1.41961775e+09 -0.860608
1.41962175e+09 -0.864834
1.41962575e+09 -0.861746
1.41962975e+09 -0.847416
1.41963375e+09 -0.863615
1.41963775e+09 -0.868461
1.41964175e+09 -0.85202
1.41964575e+09 -0.852581
1.41964975e+09 -0.870608
1.41965375e+09 -0.857999
1.41965775e+09 -0.863601
1.41966175e+09 -0.867577
1.41966575e+09 -0.870724
1.41966975e+09 -0.845023
1.41967375e+09 -0.868513
1.41967775e+09 -0.855097
1.41968175e+09 -0.858251
1.41968575e+09 -0.855573
1.41968975e+09 -0.851733
1.41969375e+09 -0.849386
1.41969775e+09 -0.849296
1.41970175e+09 -0.860402
1.41970575e+09 -0.864416
1.41970975e+09 -0.869841
1.41971375e+09 -0.88052
1.41971775e+09 -0.876918
1.41972175e+09 -0.87231
1.41972575e+09 -0.877671
1.41972975e+09 -0.862912
1.41973375e+09 -0.856918
1.41973775e+09 -0.872412
1.41974175e+09 -0.867439
1.41974575e+09 -0.870233
1.41974975e+09 -0.882976
1.41975375e+09 -0.874862
1.41975775e+09 -0.870127
1.41976175e+09 -0.857681
1.41976575e+09 -0.869888
1.41976975e+09 -0.866387
1.41977375e+09 -0.868976
1.41977775e+09 -0.877389
1.41978175e+09 -0.860559
1.41978575e+09 -0.867426
1.41978975e+09 -0.88498
1.41979375e+09 -0.862433
1.41979775e+09 -0.878196
1.41980175e+09 -0.87933
1.41980575e+09 -0.872055
1.41980975e+09 -0.878816
1.41981375e+09 -0.894882
1.41981775e+09 -0.883831
1.41982175e+09 -0.865228
1.41982575e+09 -0.876981
1.41982975e+09 -0.880462
1.41983375e+09 -0.886768
1.41983775e+09 -0.886788
1.41984175e+09 -0.872119
1.41984575e+09 -0.875477
1.41984975e+09 -0.857342
1.41985375e+09 -0.875033
1.41985775e+09 -0.881042
1.41986175e+09 -0.874457
1.41986575e+09 -0.880719
1.41986975e+09 -0.878498
1.41987375e+09 -0.872461
1.41987775e+09 -0.868301
1.41988175e+09 -0.878139
1.41988575e+09 -0.887896
1.41988975e+09 -0.86724
1.41989375e+09 -0.859762
1.41989775e+09 -0.887062
1.41990175e+09 -0.884041
1.41990575e+09 -0.885114
1.41990975e+09 -0.868394
1.41991375e+09 -0.901848
1.41991775e+09 -0.881875
1.41992175e+09 -0.869295
1.41992575e+09 -0.873045
1.41992975e+09 -0.867207
1.41993375e+09 -0.886328
1.41993775e+09 -0.878989
1.41994175e+09 -0.880303
1.41994575e+09 -0.873627
1.41994975e+09 -0.883511
1.41995375e+09 -0.873308
1.41995775e+09 -0.873006
1.41996175e+09 -0.875196
1.41996575e+09 -0.866698
1.41996975e+09 -0.884423
1.41997375e+09 -0.886903
1.41997775e+09 -0.881685
1.41998175e+09 -0.87263
1.41998575e+09 -0.869716
1.41998975e+09 -0.872356
1.41999375e+09 -0.873758
1.41999775e+09 -0.866605
1.42000175e+09 -0.85813
1.42000575e+09 -0.873512
1.42000975e+09 -0.865693
1.42001375e+09 -0.875005
1.42001775e+09 -0.87546
1.42002175e+09 -0.864344
1.42002575e+09 -0.85393
1.42002975e+09 -0.863545
1.42003375e+09 -0.852734
1.42003775e+09 -0.865346
1.42004175e+09 -0.855575
1.42004575e+09 -0.865092
1.42004975e+09 -0.839998
1.42005375e+09 -0.844447
1.42005775e+09 -0.859638
1.42006175e+09 -0.849633
1.42006575e+09 -0.826963
1.42006975e+09 -0.829583
1.42007375e+09 -0.82951
1.42007775e+09 -0.832038
1.42008175e+09 -0.807216
1.42008575e+09 -0.803403
1.42008975e+09 -0.811541
1.42009375e+09 -0.802676
1.42009775e+09 -0.79898
1.42010175e+09 -0.763065
1.42010575e+09 -0.76056
1.42010975e+09 -0.734706
1.42011375e+09 -0.734599
1.42011775e+09 -0.697401
1.42012175e+09 -0.680196
1.42012575e+09 -0.665923
1.42012975e+09 -0.645685
1.42013375e+09 -0.629255
1.42013775e+09 -0.606116
1.42014175e+09 -0.587961
1.42014575e+09 -0.567433
1.42014975e+09 -0.556124
1.42015375e+09 -0.512175
1.42015775e+09 -0.499176
1.42016175e+09 -0.48973
1.42016575e+09 -0.464753
1.42016975e+09 -0.460029
1.42017375e+09 -0.456355
1.42017775e+09 -0.461251
1.42018175e+09 -0.461604
1.42018575e+09 -0.443833
1.42018975e+09 -0.440164
1.42019375e+09 -0.439239
1.42019775e+09 -0.455813
1.42020175e+09 -0.470892
1.42020575e+09 -0.481393
1.42020975e+09 -0.484978
1.42021375e+09 -0.505155
1.42021775e+09 -0.507415
1.42022175e+09 -0.504028
1.42022575e+09 -0.516098
1.42022975e+09 -0.524237
1.42023375e+09 -0.529722
1.42023775e+09 -0.546748
1.42024175e+09 -0.549439
1.42024575e+09 -0.549921
1.42024975e+09 -0.505687
1.42025375e+09 -0.552085
1.42025775e+09 -0.564185
1.42026175e+09 -0.564986
1.42026575e+09 -0.563878
1.42026975e+09 -0.568001
1.42027375e+09 -0.555177
1.42027775e+09 -0.544082
1.42028175e+09 -0.555136
1.42028575e+09 -0.548672
1.42028975e+09 -0.533209
1.42029375e+09 -0.516029
1.42029775e+09 -0.508182
1.42030175e+09 -0.499593
1.42030575e+09 -0.466946
1.42030975e+09 -0.477189
1.42031375e+09 -0.456112
1.42031775e+09 -0.454598
1.42032175e+09 -0.436027
1.42032575e+09 -0.439689
1.42032975e+09 -0.430093
1.42033375e+09 -0.436861
1.42033775e+09 -0.425561
1.42034175e+09 -0.418226
1.42034575e+09 -0.424854
1.42034975e+09 -0.412636
1.42035375e+09 -0.425202
1.42035775e+09 -0.43532
1.42036175e+09 -0.441344
1.42036575e+09 -0.448925
1.42036975e+09 -0.475858
1.42037375e+09 -0.492949
1.42037775e+09 -0.510176
1.42038175e+09 -0.530846
1.42038575e+09 -0.544304
1.42038975e+09 -0.56317
1.42039375e+09 -0.574762
1.42039775e+09 -0.579787
1.42040175e+09 -0.599971
1.42040575e+09 -0.595247
1.42040975e+09 -0.590632
1.42041375e+09 -0.596714
1.42041775e+09 -0.605848
1.42042175e+09 -0.605695
1.42042575e+09 -0.627969
1.42042975e+09 -0.651745
1.42043375e+09 -0.668972
1.42043775e+09 -0.71252
1.42044175e+09 -0.72982
1.42044575e+09 -0.766584
1.42044975e+09 -0.7846
1.42045375e+09 -0.805084
1.42045775e+09 -0.835937
1.42046175e+09 -0.851541
1.42046575e+09 -0.858218
1.42046975e+09 -0.867112
1.42047375e+09 -0.89852
1.42047775e+09 -0.898805
1.42048175e+09 -0.916839
1.42048575e+09 -0.907195
1.42048975e+09 -0.909652
1.42049375e+09 -0.903541
1.42049775e+09 -0.926613
1.42050175e+09 -0.89516
1.42050575e+09 -0.904144
1.42050975e+09 -0.915735
1.42051375e+09 -0.915864
1.42051775e+09 -0.926967
1.42052175e+09 -0.924406
1.42052575e+09 -0.92937
1.42052975e+09 -0.922677
1.42053375e+09 -0.93762
1.42053775e+09 -0.916967
1.42054175e+09 -0.934088
1.42054575e+09 -0.926206
1.42054975e+09 -0.932187
1.42055375e+09 -0.932179
1.42055775e+09 -0.926179
1.42056175e+09 -0.927964
1.42056575e+09 -0.931082
1.42056975e+09 -0.933525
1.42057375e+09 -0.932187
1.42057775e+09 -0.952215
1.42058175e+09 -0.943115
1.42058575e+09 -0.932349
1.42058975e+09 -0.945383
1.42059375e+09 -0.931922
1.42059775e+09 -0.961997
1.42060175e+09 -0.944442
1.42060575e+09 -0.930729
1.42060975e+09 -0.941883
1.42061375e+09 -0.928218
1.42061775e+09 -0.934413
1.42062175e+09 -0.939641
1.42062575e+09 -0.945244
1.42062975e+09 -0.947544
1.42063375e+09 -0.933338
1.42063775e+09 -0.930682
1.42064175e+09 -0.943104
1.42064575e+09 -0.937524
1.42064975e+09 -0.949219
1.42065375e+09 -0.942652
1.42065775e+09 -0.948866
1.42066175e+09 -0.945556
1.42066575e+09 -0.932863
1.42066975e+09 -0.933526
1.42067375e+09 -0.945825
1.42067775e+09 -0.953874
1.42068175e+09 -0.953953
1.42068575e+09 -0.939647
1.42068975e+09 -0.950051
1.42069375e+09 -0.942187
1.42069775e+09 -0.934333
1.42070175e+09 -0.937941
1.42070575e+09 -0.944906
1.42070975e+09 -0.956012
1.42071375e+09 -0.932036
1.42071775e+09 -0.948704
1.42072175e+09 -0.954456
1.42072575e+09 -0.953063
1.42072975e+09 -0.960805
1.42073375e+09 -0.949234
1.42073775e+09 -0.958324
1.42074175e+09 -0.939111
1.42074575e+09 -0.963567
1.42074975e+09 -0.96334
1.42075375e+09 -0.942406
1.42075775e+09 -0.9301
1.42076175e+09 -0.940436
1.42076575e+09 -0.943874
1.42076975e+09 -0.948533
1.42077375e+09 -0.952812
1.42077775e+09 -0.940251
1.42078175e+09 -0.943089
1.42078575e+09 -0.936719
1.42078975e+09 -0.933289
1.42079375e+09 -0.929848
1.42079775e+09 -0.924831
1.42080175e+09 -0.929658
1.42080575e+09 -0.902644
1.42080975e+09 -0.939919
1.42081375e+09 -0.936831
1.42081775e+09 -0.947795
1.42082175e+09 -0.935739
1.42082575e+09 -0.95721
1.42082975e+09 -0.930896
1.42083375e+09 -0.942775
1.42083775e+09 -0.932276
1.42084175e+09 -0.947518
1.42084575e+09 -0.937676
1.42084975e+09 -0.939803
1.42085375e+09 -0.947674
1.42085775e+09 -0.940672
1.42086175e+09 -0.936528
1.42086575e+09 -0.954833
1.42086975e+09 -0.93442
1.42087375e+09 -0.947706
1.42087775e+09 -0.924232
1.42088175e+09 -0.929561
1.42088575e+09 -0.936795
1.42088975e+09 -0.948063
1.42089375e+09 -0.938508
1.42089775e+09 -0.951382
1.42090175e+09 -0.943561
1.42090575e+09 -0.94527
1.42090975e+09 -0.951564
1.42091375e+09 -0.938351
1.42091775e+09 -0.939907
1.42092175e+09 -0.931168
1.42092575e+09 -0.930011
1.42092975e+09 -0.934815
1.42093375e+09 -0.928193
1.42093775e+09 -0.936924
1.42094175e+09 -0.93406
1.42094575e+09 -0.944067
1.42094975e+09 -0.95216
1.42095375e+09 -0.938769
1.42095775e+09 -0.935001
1.42096175e+09 -0.924697
1.42096575e+09 -0.939819
1.42096975e+09 -0.937233
1.42097375e+09 -0.931665
1.42097775e+09 -0.947422
1.42098175e+09 -0.945298
1.42098575e+09 -0.933623
1.42098975e+09 -0.924237
1.42099375e+09 -0.931238
1.42099775e+09 -0.938188
1.42100175e+09 -0.930215
1.42100575e+09 -0.939529
1.42100975e+09 -0.928389
1.42101375e+09 -0.940292
1.42101775e+09 -0.936213
1.42102175e+09 -0.944951
1.42102575e+09 -0.929423
1.42102975e+09 -0.940738
1.42103375e+09 -0.949983
1.42103775e+09 -0.934859
1.42104175e+09 -0.935236
1.42104575e+09 -0.952364
1.42104975e+09 -0.930159
1.42105375e+09 -0.937754
1.42105775e+09 -0.92505
1.42106175e+09 -0.923515
1.42106575e+09 -0.9402
1.42106975e+09 -0.927296
1.42107375e+09 -0.943827
1.42107775e+09 -0.929869
1.42108175e+09 -0.936271
1.42108575e+09 -0.944131
1.42108975e+09 -0.931864
1.42109375e+09 -0.937517
1.42109775e+09 -0.933143
1.42110175e+09 -0.938465
1.42110575e+09 -0.946902
1.42110975e+09 -0.9286
1.42111375e+09 -0.939383
1.42111775e+09 -0.938698
1.42112175e+09 -0.930398
1.42112575e+09 -0.925534
1.42112975e+09 -0.926381
1.42113375e+09 -0.951776
1.42113775e+09 -0.928968
1.42114175e+09 -0.929269
1.42114575e+09 -0.952646
1.42114975e+09 -0.916125
1.42115375e+09 -0.931009
1.42115775e+09 -0.929205
1.42116175e+09 -0.937585
1.42116575e+09 -0.921728
1.42116975e+09 -0.929565
1.42117375e+09 -0.928019
1.42117775e+09 -0.924883
1.42118175e+09 -0.932341
1.42118575e+09 -0.943893
1.42118975e+09 -0.931858
1.42119375e+09 -0.938524
1.42119775e+09 -0.927706
1.42120175e+09 -0.92922
1.42120575e+09 -0.92924
1.42120975e+09 -0.918747
1.42121375e+09 -0.935356
1.42121775e+09 -0.923946
1.42122175e+09 -0.915309
1.42122575e+09 -0.929618
1.42122975e+09 -0.935235
1.42123375e+09 -0.948419
1.42123775e+09 -0.921416
1.42124175e+09 -0.925782
1.42124575e+09 -0.914621
1.42124975e+09 -0.919428
1.42125375e+09 -0.929738
1.42125775e+09 -0.925609
1.42126175e+09 -0.909292
1.42126575e+09 -0.939689
1.42126975e+09 -0.929771
1.42127375e+09 -0.91946
1.42127775e+09 -0.912813
1.42128175e+09 -0.905432
1.42128575e+09 -0.919603
1.42128975e+09 -0.925235
1.42129375e+09 -0.911717
1.42129775e+09 -0.900383
1.42130175e+09 -0.920626
1.42130575e+09 -0.919714
1.42130975e+09 -0.912026
1.42131375e+09 -0.908002
1.42131775e+09 -0.907068
1.42132175e+09 -0.908357
1.42132575e+09 -0.902964
1.42132975e+09 -0.898414
1.42133375e+09 -0.905705
1.42133775e+09 -0.911054
1.42134175e+09 -0.901951
1.42134575e+09 -0.908626
1.42134975e+09 -0.89564
1.42135375e+09 -0.905336
1.42135775e+09 -0.894637
1.42136175e+09 -0.912026
1.42136575e+09 -0.899041
1.42136975e+09 -0.893535
1.42137375e+09 -0.911716
1.42137775e+09 -0.91055
1.42138175e+09 -0.899889
1.42138575e+09 -0.905471
1.42138975e+09 -0.901974
1.42139375e+09 -0.901631
1.42139775e+09 -0.895566
1.42140175e+09 -0.905178


