# rtl-power-fftw output
# galactisch: 224
# antenne: 212-23
# dark: dark20170925063727
# data: A224_20170925083125
# -b: 500
# -t: 150
# -g: 300
# -p: 0
# Acquisition start: 2017-09-25 08:31:26 UTC
# Acquisition end: 2017-09-25 08:33:57 UTC
#
# frequency [Hz] power spectral density [dB/Hz]
1.41940575e+09 -0.965868
1.41940975e+09 -0.953251
1.41941375e+09 -0.975137
1.41941775e+09 -0.966316
1.41942175e+09 -0.970672
1.41942575e+09 -0.982038
1.41942975e+09 -0.976009
1.41943375e+09 -0.968949
1.41943775e+09 -0.965224
1.41944175e+09 -0.955811
1.41944575e+09 -0.965132
1.41944975e+09 -0.96148
1.41945375e+09 -0.969228
1.41945775e+09 -0.956706
1.41946175e+09 -0.974801
1.41946575e+09 -0.955726
1.41946975e+09 -0.944007
1.41947375e+09 -0.946879
1.41947775e+09 -0.927186
1.41948175e+09 -0.945596
1.41948575e+09 -0.937038
1.41948975e+09 -0.948499
1.41949375e+09 -0.93544
1.41949775e+09 -0.923895
1.41950175e+09 -0.929028
1.41950575e+09 -0.927827
1.41950975e+09 -0.922009
1.41951375e+09 -0.933452
1.41951775e+09 -0.925747
1.41952175e+09 -0.933751
1.41952575e+09 -0.915026
1.41952975e+09 -0.893844
1.41953375e+09 -0.902696
1.41953775e+09 -0.895791
1.41954175e+09 -0.912401
1.41954575e+09 -0.90956
1.41954975e+09 -0.908251
1.41955375e+09 -0.911747
1.41955775e+09 -0.902462
1.41956175e+09 -0.908522
1.41956575e+09 -0.882019
1.41956975e+09 -0.905689
1.41957375e+09 -0.90412
1.41957775e+09 -0.894346
1.41958175e+09 -0.907409
1.41958575e+09 -0.906265
1.41958975e+09 -0.906202
1.41959375e+09 -0.915392
1.41959775e+09 -0.910704
1.41960175e+09 -0.888473
1.41960575e+09 -0.905442
1.41960975e+09 -0.898172
1.41961375e+09 -0.912477
1.41961775e+09 -0.911415
1.41962175e+09 -0.918285
1.41962575e+09 -0.89778
1.41962975e+09 -0.895162
1.41963375e+09 -0.906396
1.41963775e+09 -0.921071
1.41964175e+09 -0.903988
1.41964575e+09 -0.894606
1.41964975e+09 -0.903991
1.41965375e+09 -0.912048
1.41965775e+09 -0.908534
1.41966175e+09 -0.910664
1.41966575e+09 -0.910354
1.41966975e+09 -0.908614
1.41967375e+09 -0.909386
1.41967775e+09 -0.913327
1.41968175e+09 -0.907374
1.41968575e+09 -0.897222
1.41968975e+09 -0.888902
1.41969375e+09 -0.897193
1.41969775e+09 -0.901319
1.41970175e+09 -0.899628
1.41970575e+09 -0.897912
1.41970975e+09 -0.914674
1.41971375e+09 -0.921301
1.41971775e+09 -0.930397
1.41972175e+09 -0.913626
1.41972575e+09 -0.92607
1.41972975e+09 -0.919632
1.41973375e+09 -0.903307
1.41973775e+09 -0.938049
1.41974175e+09 -0.914727
1.41974575e+09 -0.913969
1.41974975e+09 -0.940434
1.41975375e+09 -0.925877
1.41975775e+09 -0.915118
1.41976175e+09 -0.920663
1.41976575e+09 -0.916919
1.41976975e+09 -0.910585
1.41977375e+09 -0.919717
1.41977775e+09 -0.927391
1.41978175e+09 -0.923495
1.41978575e+09 -0.921599
1.41978975e+09 -0.919884
1.41979375e+09 -0.913841
1.41979775e+09 -0.910518
1.41980175e+09 -0.923631
1.41980575e+09 -0.916473
1.41980975e+09 -0.932437
1.41981375e+09 -0.92906
1.41981775e+09 -0.940129
1.41982175e+09 -0.925991
1.41982575e+09 -0.92582
1.41982975e+09 -0.919536
1.41983375e+09 -0.935387
1.41983775e+09 -0.921906
1.41984175e+09 -0.930158
1.41984575e+09 -0.933018
1.41984975e+09 -0.924902
1.41985375e+09 -0.929453
1.41985775e+09 -0.93169
1.41986175e+09 -0.934353
1.41986575e+09 -0.95075
1.41986975e+09 -0.925175
1.41987375e+09 -0.93164
1.41987775e+09 -0.921302
1.41988175e+09 -0.91887
1.41988575e+09 -0.930403
1.41988975e+09 -0.929228
1.41989375e+09 -0.921313
1.41989775e+09 -0.927841
1.41990175e+09 -0.937263
1.41990575e+09 -0.935714
1.41990975e+09 -0.926838
1.41991375e+09 -0.940191
1.41991775e+09 -0.943223
1.41992175e+09 -0.92876
1.41992575e+09 -0.931636
1.41992975e+09 -0.92417
1.41993375e+09 -0.938335
1.41993775e+09 -0.942809
1.41994175e+09 -0.931641
1.41994575e+09 -0.928479
1.41994975e+09 -0.935899
1.41995375e+09 -0.917722
1.41995775e+09 -0.934217
1.41996175e+09 -0.927142
1.41996575e+09 -0.929869
1.41996975e+09 -0.933983
1.41997375e+09 -0.937222
1.41997775e+09 -0.928479
1.41998175e+09 -0.924051
1.41998575e+09 -0.925547
1.41998975e+09 -0.917084
1.41999375e+09 -0.927125
1.41999775e+09 -0.917572
1.42000175e+09 -0.900159
1.42000575e+09 -0.919827
1.42000975e+09 -0.918535
1.42001375e+09 -0.923694
1.42001775e+09 -0.921069
1.42002175e+09 -0.915034
1.42002575e+09 -0.897515
1.42002975e+09 -0.905015
1.42003375e+09 -0.89985
1.42003775e+09 -0.905421
1.42004175e+09 -0.895617
1.42004575e+09 -0.884468
1.42004975e+09 -0.87471
1.42005375e+09 -0.863848
1.42005775e+09 -0.880162
1.42006175e+09 -0.864546
1.42006575e+09 -0.830313
1.42006975e+09 -0.846716
1.42007375e+09 -0.824009
1.42007775e+09 -0.837533
1.42008175e+09 -0.802218
1.42008575e+09 -0.790998
1.42008975e+09 -0.777493
1.42009375e+09 -0.780626
1.42009775e+09 -0.753882
1.42010175e+09 -0.727677
1.42010575e+09 -0.72843
1.42010975e+09 -0.681228
1.42011375e+09 -0.685942
1.42011775e+09 -0.662808
1.42012175e+09 -0.648556
1.42012575e+09 -0.629064
1.42012975e+09 -0.594736
1.42013375e+09 -0.594559
1.42013775e+09 -0.569503
1.42014175e+09 -0.560046
1.42014575e+09 -0.539726
1.42014975e+09 -0.533968
1.42015375e+09 -0.502982
1.42015775e+09 -0.506141
1.42016175e+09 -0.512742
1.42016575e+09 -0.494047
1.42016975e+09 -0.502297
1.42017375e+09 -0.512471
1.42017775e+09 -0.532588
1.42018175e+09 -0.527494
1.42018575e+09 -0.522802
1.42018975e+09 -0.523457
1.42019375e+09 -0.547297
1.42019775e+09 -0.562371
1.42020175e+09 -0.578624
1.42020575e+09 -0.592305
1.42020975e+09 -0.602191
1.42021375e+09 -0.619889
1.42021775e+09 -0.627119
1.42022175e+09 -0.622886
1.42022575e+09 -0.624745
1.42022975e+09 -0.632375
1.42023375e+09 -0.626782
1.42023775e+09 -0.63189
1.42024175e+09 -0.62397
1.42024575e+09 -0.615728
1.42024975e+09 -0.635977
1.42025375e+09 -0.634
1.42025775e+09 -0.619107
1.42026175e+09 -0.632712
1.42026575e+09 -0.631086
1.42026975e+09 -0.621694
1.42027375e+09 -0.616865
1.42027775e+09 -0.611271
1.42028175e+09 -0.624189
1.42028575e+09 -0.620589
1.42028975e+09 -0.610467
1.42029375e+09 -0.602434
1.42029775e+09 -0.596637
1.42030175e+09 -0.586283
1.42030575e+09 -0.561741
1.42030975e+09 -0.561064
1.42031375e+09 -0.549604
1.42031775e+09 -0.53647
1.42032175e+09 -0.506943
1.42032575e+09 -0.48805
1.42032975e+09 -0.466076
1.42033375e+09 -0.451897
1.42033775e+09 -0.429751
1.42034175e+09 -0.405631
1.42034575e+09 -0.399259
1.42034975e+09 -0.393199
1.42035375e+09 -0.403621
1.42035775e+09 -0.402424
1.42036175e+09 -0.418175
1.42036575e+09 -0.455703
1.42036975e+09 -0.492721
1.42037375e+09 -0.490839
1.42037775e+09 -0.542003
1.42038175e+09 -0.580452
1.42038575e+09 -0.628175
1.42038975e+09 -0.647371
1.42039375e+09 -0.66425
1.42039775e+09 -0.690192
1.42040175e+09 -0.687942
1.42040575e+09 -0.679707
1.42040975e+09 -0.671592
1.42041375e+09 -0.670493
1.42041775e+09 -0.681041
1.42042175e+09 -0.675814
1.42042575e+09 -0.71004
1.42042975e+09 -0.72853
1.42043375e+09 -0.779308
1.42043775e+09 -0.810705
1.42044175e+09 -0.839169
1.42044575e+09 -0.86148
1.42044975e+09 -0.886133
1.42045375e+09 -0.909188
1.42045775e+09 -0.920246
1.42046175e+09 -0.941093
1.42046575e+09 -0.945403
1.42046975e+09 -0.939074
1.42047375e+09 -0.96887
1.42047775e+09 -0.979617
1.42048175e+09 -1.00012
1.42048575e+09 -0.982217
1.42048975e+09 -0.980404
1.42049375e+09 -0.981802
1.42049775e+09 -0.994262
1.42050175e+09 -0.977659
1.42050575e+09 -0.969134
1.42050975e+09 -0.986299
1.42051375e+09 -0.984221
1.42051775e+09 -0.986637
1.42052175e+09 -0.996568
1.42052575e+09 -0.989511
1.42052975e+09 -1.00039
1.42053375e+09 -1.00131
1.42053775e+09 -0.994013
1.42054175e+09 -0.992465
1.42054575e+09 -0.987067
1.42054975e+09 -0.988235
1.42055375e+09 -0.983559
1.42055775e+09 -1.00011
1.42056175e+09 -0.996954
1.42056575e+09 -1.00214
1.42056975e+09 -0.996561
1.42057375e+09 -1.00253
1.42057775e+09 -1.00164
1.42058175e+09 -0.997661
1.42058575e+09 -0.992394
1.42058975e+09 -0.99032
1.42059375e+09 -1.00395
1.42059775e+09 -1.01504
1.42060175e+09 -1.00293
1.42060575e+09 -0.992562
1.42060975e+09 -0.996747
1.42061375e+09 -0.991252
1.42061775e+09 -0.988461
1.42062175e+09 -1.01018
1.42062575e+09 -0.996426
1.42062975e+09 -1.00267
1.42063375e+09 -1.00347
1.42063775e+09 -1.00498
1.42064175e+09 -1.00985
1.42064575e+09 -1.00365
1.42064975e+09 -1.00777
1.42065375e+09 -0.997895
1.42065775e+09 -0.996852
1.42066175e+09 -1.01284
1.42066575e+09 -1.0047
1.42066975e+09 -1.00919
1.42067375e+09 -1.01022
1.42067775e+09 -1.02646
1.42068175e+09 -1.01363
1.42068575e+09 -1.01352
1.42068975e+09 -1.01815
1.42069375e+09 -1.01363
1.42069775e+09 -1.01175
1.42070175e+09 -1.0022
1.42070575e+09 -1.01129
1.42070975e+09 -1.01832
1.42071375e+09 -1.00215
1.42071775e+09 -1.01195
1.42072175e+09 -1.02995
1.42072575e+09 -1.01666
1.42072975e+09 -1.01282
1.42073375e+09 -1.0252
1.42073775e+09 -1.02317
1.42074175e+09 -0.994027
1.42074575e+09 -1.02652
1.42074975e+09 -1.01404
1.42075375e+09 -1.00933
1.42075775e+09 -1.01117
1.42076175e+09 -0.998446
1.42076575e+09 -0.999544
1.42076975e+09 -1.01039
1.42077375e+09 -1.01246
1.42077775e+09 -1.00732
1.42078175e+09 -1.00224
1.42078575e+09 -0.999103
1.42078975e+09 -1.00736
1.42079375e+09 -1.00787
1.42079775e+09 -1.01133
1.42080175e+09 -1.0008
1.42080575e+09 -0.971974
1.42080975e+09 -1.00905
1.42081375e+09 -1.01211
1.42081775e+09 -1.0177
1.42082175e+09 -0.99534
1.42082575e+09 -1.01236
1.42082975e+09 -0.991532
1.42083375e+09 -1.01114
1.42083775e+09 -1.01266
1.42084175e+09 -1.01163
1.42084575e+09 -1.00178
1.42084975e+09 -1.00899
1.42085375e+09 -1.01464
1.42085775e+09 -1.00251
1.42086175e+09 -1.00711
1.42086575e+09 -1.01137
1.42086975e+09 -0.996988
1.42087375e+09 -1.00311
1.42087775e+09 -1.00433
1.42088175e+09 -1.00014
1.42088575e+09 -1.00754
1.42088975e+09 -1.00902
1.42089375e+09 -1.00182
1.42089775e+09 -1.00111
1.42090175e+09 -1.01393
1.42090575e+09 -1.02406
1.42090975e+09 -1.01264
1.42091375e+09 -0.991838
1.42091775e+09 -1.00034
1.42092175e+09 -1.01357
1.42092575e+09 -0.989071
1.42092975e+09 -0.983528
1.42093375e+09 -0.991248
1.42093775e+09 -1.00251
1.42094175e+09 -1.00494
1.42094575e+09 -1.01568
1.42094975e+09 -1.00793
1.42095375e+09 -1.00569
1.42095775e+09 -0.999737
1.42096175e+09 -0.994803
1.42096575e+09 -1.00525
1.42096975e+09 -1.01391
1.42097375e+09 -0.99574
1.42097775e+09 -1.01692
1.42098175e+09 -1.00439
1.42098575e+09 -1.01427
1.42098975e+09 -1.00346
1.42099375e+09 -1.01016
1.42099775e+09 -1.01143
1.42100175e+09 -1.00182
1.42100575e+09 -0.993955
1.42100975e+09 -1.00544
1.42101375e+09 -1.00275
1.42101775e+09 -0.996391
1.42102175e+09 -1.00781
1.42102575e+09 -1.0115
1.42102975e+09 -1.00962
1.42103375e+09 -1.00922
1.42103775e+09 -1.027
1.42104175e+09 -0.997681
1.42104575e+09 -1.01151
1.42104975e+09 -0.99051
1.42105375e+09 -1.00633
1.42105775e+09 -1.00017
1.42106175e+09 -1.00595
1.42106575e+09 -1.00752
1.42106975e+09 -0.999845
1.42107375e+09 -1.00359
1.42107775e+09 -0.987129
1.42108175e+09 -0.996829
1.42108575e+09 -1.0103
1.42108975e+09 -1.00355
1.42109375e+09 -1.008
1.42109775e+09 -0.992861
1.42110175e+09 -0.994433
1.42110575e+09 -1.00194
1.42110975e+09 -0.988082
1.42111375e+09 -0.995411
1.42111775e+09 -1.00194
1.42112175e+09 -1.00411
1.42112575e+09 -0.997089
1.42112975e+09 -0.990625
1.42113375e+09 -1.02119
1.42113775e+09 -0.998125
1.42114175e+09 -1.00365
1.42114575e+09 -1.01368
1.42114975e+09 -0.99093
1.42115375e+09 -1.01897
1.42115775e+09 -0.994571
1.42116175e+09 -0.998077
1.42116575e+09 -1.00551
1.42116975e+09 -0.99155
1.42117375e+09 -1.00942
1.42117775e+09 -0.98967
1.42118175e+09 -0.996695
1.42118575e+09 -1.00919
1.42118975e+09 -0.998507
1.42119375e+09 -1.00186
1.42119775e+09 -1.00213
1.42120175e+09 -1.00437
1.42120575e+09 -1.00107
1.42120975e+09 -0.988055
1.42121375e+09 -1.00711
1.42121775e+09 -0.977534
1.42122175e+09 -0.989698
1.42122575e+09 -1.00523
1.42122975e+09 -1.00144
1.42123375e+09 -1.00874
1.42123775e+09 -0.981222
1.42124175e+09 -0.982261
1.42124575e+09 -0.985625
1.42124975e+09 -0.989356
1.42125375e+09 -0.988692
1.42125775e+09 -0.988497
1.42126175e+09 -0.988149
1.42126575e+09 -1.00076
1.42126975e+09 -0.993163
1.42127375e+09 -0.986201
1.42127775e+09 -0.974393
1.42128175e+09 -0.978435
1.42128575e+09 -0.976095
1.42128975e+09 -0.988109
1.42129375e+09 -0.969624
1.42129775e+09 -0.972186
1.42130175e+09 -0.983149
1.42130575e+09 -0.976391
1.42130975e+09 -0.978695
1.42131375e+09 -0.971246
1.42131775e+09 -0.974943
1.42132175e+09 -0.970015
1.42132575e+09 -0.967465
1.42132975e+09 -0.969576
1.42133375e+09 -0.964637
1.42133775e+09 -0.976065
1.42134175e+09 -0.967603
1.42134575e+09 -0.977107
1.42134975e+09 -0.97547
1.42135375e+09 -0.975921
1.42135775e+09 -0.96589
1.42136175e+09 -0.977153
1.42136575e+09 -0.966936
1.42136975e+09 -0.965989
1.42137375e+09 -0.964597
1.42137775e+09 -0.97214
1.42138175e+09 -0.952639
1.42138575e+09 -0.969856
1.42138975e+09 -0.943441
1.42139375e+09 -0.95752
1.42139775e+09 -0.947997
1.42140175e+09 -0.962641


