# rtl-power-fftw output
# galactisch: 228
# antenne: 209-20
# dark: dark20170925063727
# data: A228_20170925083505
# -b: 500
# -t: 150
# -g: 300
# -p: 0
# Acquisition start: 2017-09-25 08:35:06 UTC
# Acquisition end: 2017-09-25 08:37:37 UTC
#
# frequency [Hz] power spectral density [dB/Hz]
1.41940575e+09 -0.892365
1.41940975e+09 -0.890288
1.41941375e+09 -0.905411
1.41941775e+09 -0.906716
1.41942175e+09 -0.89856
1.41942575e+09 -0.910776
1.41942975e+09 -0.907505
1.41943375e+09 -0.901644
1.41943775e+09 -0.916563
1.41944175e+09 -0.897639
1.41944575e+09 -0.90835
1.41944975e+09 -0.901356
1.41945375e+09 -0.902914
1.41945775e+09 -0.901619
1.41946175e+09 -0.91494
1.41946575e+09 -0.902816
1.41946975e+09 -0.897543
1.41947375e+09 -0.894672
1.41947775e+09 -0.890362
1.41948175e+09 -0.893836
1.41948575e+09 -0.898697
1.41948975e+09 -0.888045
1.41949375e+09 -0.882117
1.41949775e+09 -0.884607
1.41950175e+09 -0.870322
1.41950575e+09 -0.867216
1.41950975e+09 -0.87061
1.41951375e+09 -0.86547
1.41951775e+09 -0.878995
1.41952175e+09 -0.865924
1.41952575e+09 -0.854079
1.41952975e+09 -0.852297
1.41953375e+09 -0.849417
1.41953775e+09 -0.841859
1.41954175e+09 -0.841136
1.41954575e+09 -0.850703
1.41954975e+09 -0.8433
1.41955375e+09 -0.835587
1.41955775e+09 -0.839888
1.41956175e+09 -0.853761
1.41956575e+09 -0.83548
1.41956975e+09 -0.849777
1.41957375e+09 -0.853126
1.41957775e+09 -0.846806
1.41958175e+09 -0.860824
1.41958575e+09 -0.850756
1.41958975e+09 -0.84944
1.41959375e+09 -0.844183
1.41959775e+09 -0.849385
1.41960175e+09 -0.839177
1.41960575e+09 -0.853107
1.41960975e+09 -0.853765
1.41961375e+09 -0.85147
1.41961775e+09 -0.846343
1.41962175e+09 -0.852376
1.41962575e+09 -0.863641
1.41962975e+09 -0.834879
1.41963375e+09 -0.849333
1.41963775e+09 -0.857019
1.41964175e+09 -0.843264
1.41964575e+09 -0.835526
1.41964975e+09 -0.847559
1.41965375e+09 -0.848507
1.41965775e+09 -0.840936
1.41966175e+09 -0.847728
1.41966575e+09 -0.853528
1.41966975e+09 -0.834275
1.41967375e+09 -0.85284
1.41967775e+09 -0.84281
1.41968175e+09 -0.851676
1.41968575e+09 -0.846196
1.41968975e+09 -0.842071
1.41969375e+09 -0.845336
1.41969775e+09 -0.851883
1.41970175e+09 -0.843427
1.41970575e+09 -0.854382
1.41970975e+09 -0.853027
1.41971375e+09 -0.86271
1.41971775e+09 -0.86802
1.41972175e+09 -0.855748
1.41972575e+09 -0.86821
1.41972975e+09 -0.850431
1.41973375e+09 -0.843831
1.41973775e+09 -0.866487
1.41974175e+09 -0.84791
1.41974575e+09 -0.858483
1.41974975e+09 -0.873498
1.41975375e+09 -0.858507
1.41975775e+09 -0.852765
1.41976175e+09 -0.865335
1.41976575e+09 -0.851707
1.41976975e+09 -0.84897
1.41977375e+09 -0.870761
1.41977775e+09 -0.867836
1.41978175e+09 -0.860257
1.41978575e+09 -0.853871
1.41978975e+09 -0.866057
1.41979375e+09 -0.865597
1.41979775e+09 -0.85443
1.41980175e+09 -0.863269
1.41980575e+09 -0.864564
1.41980975e+09 -0.868765
1.41981375e+09 -0.871168
1.41981775e+09 -0.877728
1.41982175e+09 -0.856687
1.41982575e+09 -0.865487
1.41982975e+09 -0.858272
1.41983375e+09 -0.879587
1.41983775e+09 -0.863083
1.41984175e+09 -0.867923
1.41984575e+09 -0.866443
1.41984975e+09 -0.857849
1.41985375e+09 -0.875862
1.41985775e+09 -0.870145
1.41986175e+09 -0.86347
1.41986575e+09 -0.875924
1.41986975e+09 -0.880645
1.41987375e+09 -0.868415
1.41987775e+09 -0.85436
1.41988175e+09 -0.855491
1.41988575e+09 -0.8729
1.41988975e+09 -0.861125
1.41989375e+09 -0.858029
1.41989775e+09 -0.863853
1.41990175e+09 -0.869747
1.41990575e+09 -0.863025
1.41990975e+09 -0.843717
1.41991375e+09 -0.879852
1.41991775e+09 -0.858053
1.41992175e+09 -0.867096
1.41992575e+09 -0.853153
1.41992975e+09 -0.86453
1.41993375e+09 -0.880083
1.41993775e+09 -0.859027
1.41994175e+09 -0.862457
1.41994575e+09 -0.864264
1.41994975e+09 -0.855797
1.41995375e+09 -0.856548
1.41995775e+09 -0.855733
1.41996175e+09 -0.87337
1.41996575e+09 -0.850167
1.41996975e+09 -0.854043
1.41997375e+09 -0.848145
1.41997775e+09 -0.843669
1.41998175e+09 -0.850732
1.41998575e+09 -0.84188
1.41998975e+09 -0.834309
1.41999375e+09 -0.844746
1.41999775e+09 -0.836206
1.42000175e+09 -0.82288
1.42000575e+09 -0.828389
1.42000975e+09 -0.821908
1.42001375e+09 -0.830845
1.42001775e+09 -0.817775
1.42002175e+09 -0.806664
1.42002575e+09 -0.800551
1.42002975e+09 -0.796345
1.42003375e+09 -0.793776
1.42003775e+09 -0.782197
1.42004175e+09 -0.774803
1.42004575e+09 -0.763197
1.42004975e+09 -0.752215
1.42005375e+09 -0.728649
1.42005775e+09 -0.743378
1.42006175e+09 -0.718606
1.42006575e+09 -0.703651
1.42006975e+09 -0.683758
1.42007375e+09 -0.68527
1.42007775e+09 -0.680478
1.42008175e+09 -0.660239
1.42008575e+09 -0.635254
1.42008975e+09 -0.636918
1.42009375e+09 -0.63597
1.42009775e+09 -0.640156
1.42010175e+09 -0.613171
1.42010575e+09 -0.625192
1.42010975e+09 -0.601068
1.42011375e+09 -0.630124
1.42011775e+09 -0.608838
1.42012175e+09 -0.615807
1.42012575e+09 -0.611374
1.42012975e+09 -0.611459
1.42013375e+09 -0.616012
1.42013775e+09 -0.607218
1.42014175e+09 -0.619363
1.42014575e+09 -0.619468
1.42014975e+09 -0.607314
1.42015375e+09 -0.584865
1.42015775e+09 -0.595975
1.42016175e+09 -0.599551
1.42016575e+09 -0.599407
1.42016975e+09 -0.60287
1.42017375e+09 -0.611282
1.42017775e+09 -0.617264
1.42018175e+09 -0.606032
1.42018575e+09 -0.600662
1.42018975e+09 -0.593002
1.42019375e+09 -0.60077
1.42019775e+09 -0.59956
1.42020175e+09 -0.604231
1.42020575e+09 -0.620139
1.42020975e+09 -0.618363
1.42021375e+09 -0.623542
1.42021775e+09 -0.623627
1.42022175e+09 -0.607365
1.42022575e+09 -0.601891
1.42022975e+09 -0.607095
1.42023375e+09 -0.590325
1.42023775e+09 -0.592789
1.42024175e+09 -0.590185
1.42024575e+09 -0.58416
1.42024975e+09 -0.629896
1.42025375e+09 -0.636903
1.42025775e+09 -0.607535
1.42026175e+09 -0.616974
1.42026575e+09 -0.62431
1.42026975e+09 -0.638688
1.42027375e+09 -0.616097
1.42027775e+09 -0.602859
1.42028175e+09 -0.612697
1.42028575e+09 -0.609321
1.42028975e+09 -0.59211
1.42029375e+09 -0.561921
1.42029775e+09 -0.556858
1.42030175e+09 -0.556212
1.42030575e+09 -0.526293
1.42030975e+09 -0.524113
1.42031375e+09 -0.508805
1.42031775e+09 -0.48104
1.42032175e+09 -0.462314
1.42032575e+09 -0.439103
1.42032975e+09 -0.413827
1.42033375e+09 -0.417871
1.42033775e+09 -0.410154
1.42034175e+09 -0.418903
1.42034575e+09 -0.420313
1.42034975e+09 -0.441676
1.42035375e+09 -0.473234
1.42035775e+09 -0.485951
1.42036175e+09 -0.531951
1.42036575e+09 -0.560995
1.42036975e+09 -0.600672
1.42037375e+09 -0.620591
1.42037775e+09 -0.642795
1.42038175e+09 -0.680439
1.42038575e+09 -0.688897
1.42038975e+09 -0.691026
1.42039375e+09 -0.672967
1.42039775e+09 -0.655228
1.42040175e+09 -0.646274
1.42040575e+09 -0.625915
1.42040975e+09 -0.605764
1.42041375e+09 -0.585983
1.42041775e+09 -0.600554
1.42042175e+09 -0.608914
1.42042575e+09 -0.647985
1.42042975e+09 -0.693221
1.42043375e+09 -0.740244
1.42043775e+09 -0.78381
1.42044175e+09 -0.798255
1.42044575e+09 -0.843982
1.42044975e+09 -0.857996
1.42045375e+09 -0.876686
1.42045775e+09 -0.88907
1.42046175e+09 -0.89591
1.42046575e+09 -0.894402
1.42046975e+09 -0.894412
1.42047375e+09 -0.926165
1.42047775e+09 -0.92697
1.42048175e+09 -0.936533
1.42048575e+09 -0.920865
1.42048975e+09 -0.928727
1.42049375e+09 -0.927433
1.42049775e+09 -0.94437
1.42050175e+09 -0.911724
1.42050575e+09 -0.914049
1.42050975e+09 -0.92765
1.42051375e+09 -0.925845
1.42051775e+09 -0.928377
1.42052175e+09 -0.921354
1.42052575e+09 -0.927503
1.42052975e+09 -0.91421
1.42053375e+09 -0.921211
1.42053775e+09 -0.919084
1.42054175e+09 -0.930629
1.42054575e+09 -0.91282
1.42054975e+09 -0.928796
1.42055375e+09 -0.909647
1.42055775e+09 -0.933763
1.42056175e+09 -0.932112
1.42056575e+09 -0.922001
1.42056975e+09 -0.920782
1.42057375e+09 -0.935907
1.42057775e+09 -0.931201
1.42058175e+09 -0.919771
1.42058575e+09 -0.920986
1.42058975e+09 -0.929772
1.42059375e+09 -0.926782
1.42059775e+09 -0.943924
1.42060175e+09 -0.94312
1.42060575e+09 -0.924591
1.42060975e+09 -0.929346
1.42061375e+09 -0.924284
1.42061775e+09 -0.914269
1.42062175e+09 -0.925528
1.42062575e+09 -0.927187
1.42062975e+09 -0.930429
1.42063375e+09 -0.943786
1.42063775e+09 -0.932918
1.42064175e+09 -0.934129
1.42064575e+09 -0.934064
1.42064975e+09 -0.919054
1.42065375e+09 -0.931529
1.42065775e+09 -0.946031
1.42066175e+09 -0.936813
1.42066575e+09 -0.939603
1.42066975e+09 -0.932511
1.42067375e+09 -0.938136
1.42067775e+09 -0.94897
1.42068175e+09 -0.949578
1.42068575e+09 -0.935244
1.42068975e+09 -0.954737
1.42069375e+09 -0.948256
1.42069775e+09 -0.932785
1.42070175e+09 -0.927402
1.42070575e+09 -0.943491
1.42070975e+09 -0.942947
1.42071375e+09 -0.932355
1.42071775e+09 -0.948486
1.42072175e+09 -0.951826
1.42072575e+09 -0.954759
1.42072975e+09 -0.947916
1.42073375e+09 -0.958058
1.42073775e+09 -0.946634
1.42074175e+09 -0.936622
1.42074575e+09 -0.945436
1.42074975e+09 -0.948363
1.42075375e+09 -0.937023
1.42075775e+09 -0.936295
1.42076175e+09 -0.944147
1.42076575e+09 -0.9381
1.42076975e+09 -0.945379
1.42077375e+09 -0.934218
1.42077775e+09 -0.93528
1.42078175e+09 -0.952627
1.42078575e+09 -0.93681
1.42078975e+09 -0.921508
1.42079375e+09 -0.93153
1.42079775e+09 -0.928736
1.42080175e+09 -0.938155
1.42080575e+09 -0.877383
1.42080975e+09 -0.921677
1.42081375e+09 -0.938856
1.42081775e+09 -0.925546
1.42082175e+09 -0.927323
1.42082575e+09 -0.936249
1.42082975e+09 -0.92601
1.42083375e+09 -0.930253
1.42083775e+09 -0.933576
1.42084175e+09 -0.947863
1.42084575e+09 -0.937275
1.42084975e+09 -0.930756
1.42085375e+09 -0.934764
1.42085775e+09 -0.933063
1.42086175e+09 -0.927302
1.42086575e+09 -0.940066
1.42086975e+09 -0.934147
1.42087375e+09 -0.931638
1.42087775e+09 -0.93554
1.42088175e+09 -0.948014
1.42088575e+09 -0.930183
1.42088975e+09 -0.924322
1.42089375e+09 -0.927873
1.42089775e+09 -0.925861
1.42090175e+09 -0.944576
1.42090575e+09 -0.942001
1.42090975e+09 -0.93944
1.42091375e+09 -0.920717
1.42091775e+09 -0.926547
1.42092175e+09 -0.943311
1.42092575e+09 -0.921405
1.42092975e+09 -0.91956
1.42093375e+09 -0.920347
1.42093775e+09 -0.934161
1.42094175e+09 -0.936637
1.42094575e+09 -0.936693
1.42094975e+09 -0.935971
1.42095375e+09 -0.931949
1.42095775e+09 -0.927625
1.42096175e+09 -0.924593
1.42096575e+09 -0.932796
1.42096975e+09 -0.941336
1.42097375e+09 -0.921963
1.42097775e+09 -0.944015
1.42098175e+09 -0.940569
1.42098575e+09 -0.930972
1.42098975e+09 -0.936486
1.42099375e+09 -0.932114
1.42099775e+09 -0.929315
1.42100175e+09 -0.920633
1.42100575e+09 -0.925964
1.42100975e+09 -0.935386
1.42101375e+09 -0.930046
1.42101775e+09 -0.926786
1.42102175e+09 -0.928493
1.42102575e+09 -0.942342
1.42102975e+09 -0.953345
1.42103375e+09 -0.944572
1.42103775e+09 -0.948532
1.42104175e+09 -0.937989
1.42104575e+09 -0.943191
1.42104975e+09 -0.932172
1.42105375e+09 -0.934886
1.42105775e+09 -0.93037
1.42106175e+09 -0.921047
1.42106575e+09 -0.940174
1.42106975e+09 -0.920579
1.42107375e+09 -0.924731
1.42107775e+09 -0.922992
1.42108175e+09 -0.915877
1.42108575e+09 -0.943213
1.42108975e+09 -0.916943
1.42109375e+09 -0.936105
1.42109775e+09 -0.941525
1.42110175e+09 -0.9282
1.42110575e+09 -0.935175
1.42110975e+09 -0.927318
1.42111375e+09 -0.929557
1.42111775e+09 -0.929617
1.42112175e+09 -0.940311
1.42112575e+09 -0.92867
1.42112975e+09 -0.915099
1.42113375e+09 -0.938365
1.42113775e+09 -0.934611
1.42114175e+09 -0.935099
1.42114575e+09 -0.945073
1.42114975e+09 -0.916579
1.42115375e+09 -0.946651
1.42115775e+09 -0.936068
1.42116175e+09 -0.939453
1.42116575e+09 -0.939929
1.42116975e+09 -0.915889
1.42117375e+09 -0.934278
1.42117775e+09 -0.928314
1.42118175e+09 -0.929532
1.42118575e+09 -0.950074
1.42118975e+09 -0.92504
1.42119375e+09 -0.931746
1.42119775e+09 -0.936179
1.42120175e+09 -0.918973
1.42120575e+09 -0.93786
1.42120975e+09 -0.913387
1.42121375e+09 -0.932216
1.42121775e+09 -0.923856
1.42122175e+09 -0.919725
1.42122575e+09 -0.919236
1.42122975e+09 -0.919021
1.42123375e+09 -0.945606
1.42123775e+09 -0.911104
1.42124175e+09 -0.919371
1.42124575e+09 -0.904579
1.42124975e+09 -0.913439
1.42125375e+09 -0.916751
1.42125775e+09 -0.914451
1.42126175e+09 -0.902385
1.42126575e+09 -0.924528
1.42126975e+09 -0.920637
1.42127375e+09 -0.921693
1.42127775e+09 -0.912948
1.42128175e+09 -0.909782
1.42128575e+09 -0.914818
1.42128975e+09 -0.92681
1.42129375e+09 -0.900685
1.42129775e+09 -0.90653
1.42130175e+09 -0.909994
1.42130575e+09 -0.918638
1.42130975e+09 -0.901866
1.42131375e+09 -0.909055
1.42131775e+09 -0.900205
1.42132175e+09 -0.905714
1.42132575e+09 -0.888638
1.42132975e+09 -0.889095
1.42133375e+09 -0.895205
1.42133775e+09 -0.903932
1.42134175e+09 -0.887557
1.42134575e+09 -0.897137
1.42134975e+09 -0.90177
1.42135375e+09 -0.907486
1.42135775e+09 -0.899523
1.42136175e+09 -0.90797
1.42136575e+09 -0.897472
1.42136975e+09 -0.883561
1.42137375e+09 -0.892777
1.42137775e+09 -0.899041
1.42138175e+09 -0.901331
1.42138575e+09 -0.908869
1.42138975e+09 -0.887706
1.42139375e+09 -0.884202
1.42139775e+09 -0.886133
1.42140175e+09 -0.890749


