# rtl-power-fftw output
# galactisch: 232
# antenne: 207-17
# dark: dark20170925063727
# data: A232_20170925083847
# -b: 500
# -t: 150
# -g: 300
# -p: 0
# Acquisition start: 2017-09-25 08:38:48 UTC
# Acquisition end: 2017-09-25 08:41:19 UTC
#
# frequency [Hz] power spectral density [dB/Hz]
1.41940575e+09 -0.692992
1.41940975e+09 -0.68162
1.41941375e+09 -0.705268
1.41941775e+09 -0.702103
1.41942175e+09 -0.698958
1.41942575e+09 -0.701867
1.41942975e+09 -0.703583
1.41943375e+09 -0.705259
1.41943775e+09 -0.714994
1.41944175e+09 -0.692586
1.41944575e+09 -0.707091
1.41944975e+09 -0.706978
1.41945375e+09 -0.714698
1.41945775e+09 -0.715489
1.41946175e+09 -0.717063
1.41946575e+09 -0.716077
1.41946975e+09 -0.703247
1.41947375e+09 -0.704201
1.41947775e+09 -0.691412
1.41948175e+09 -0.71486
1.41948575e+09 -0.70971
1.41948975e+09 -0.695068
1.41949375e+09 -0.698065
1.41949775e+09 -0.688129
1.41950175e+09 -0.685137
1.41950575e+09 -0.683905
1.41950975e+09 -0.69388
1.41951375e+09 -0.673193
1.41951775e+09 -0.687543
1.41952175e+09 -0.688823
1.41952575e+09 -0.655372
1.41952975e+09 -0.658198
1.41953375e+09 -0.659275
1.41953775e+09 -0.6593
1.41954175e+09 -0.653364
1.41954575e+09 -0.655593
1.41954975e+09 -0.655228
1.41955375e+09 -0.661326
1.41955775e+09 -0.645657
1.41956175e+09 -0.669713
1.41956575e+09 -0.656511
1.41956975e+09 -0.649189
1.41957375e+09 -0.658052
1.41957775e+09 -0.644301
1.41958175e+09 -0.66361
1.41958575e+09 -0.6623
1.41958975e+09 -0.657193
1.41959375e+09 -0.663558
1.41959775e+09 -0.653117
1.41960175e+09 -0.660391
1.41960575e+09 -0.651405
1.41960975e+09 -0.651587
1.41961375e+09 -0.663255
1.41961775e+09 -0.660657
1.41962175e+09 -0.6602
1.41962575e+09 -0.657696
1.41962975e+09 -0.644344
1.41963375e+09 -0.653413
1.41963775e+09 -0.660644
1.41964175e+09 -0.659965
1.41964575e+09 -0.659935
1.41964975e+09 -0.66551
1.41965375e+09 -0.653468
1.41965775e+09 -0.654482
1.41966175e+09 -0.671742
1.41966575e+09 -0.657705
1.41966975e+09 -0.648217
1.41967375e+09 -0.659507
1.41967775e+09 -0.665426
1.41968175e+09 -0.658771
1.41968575e+09 -0.657375
1.41968975e+09 -0.645464
1.41969375e+09 -0.651911
1.41969775e+09 -0.649367
1.41970175e+09 -0.666433
1.41970575e+09 -0.658229
1.41970975e+09 -0.662826
1.41971375e+09 -0.685044
1.41971775e+09 -0.678748
1.41972175e+09 -0.675729
1.41972575e+09 -0.679258
1.41972975e+09 -0.670578
1.41973375e+09 -0.654901
1.41973775e+09 -0.675326
1.41974175e+09 -0.665815
1.41974575e+09 -0.675724
1.41974975e+09 -0.680175
1.41975375e+09 -0.668293
1.41975775e+09 -0.671637
1.41976175e+09 -0.676141
1.41976575e+09 -0.654457
1.41976975e+09 -0.676925
1.41977375e+09 -0.67641
1.41977775e+09 -0.668687
1.41978175e+09 -0.667415
1.41978575e+09 -0.668881
1.41978975e+09 -0.681739
1.41979375e+09 -0.672612
1.41979775e+09 -0.667715
1.41980175e+09 -0.679888
1.41980575e+09 -0.682325
1.41980975e+09 -0.679687
1.41981375e+09 -0.6652
1.41981775e+09 -0.688556
1.41982175e+09 -0.672319
1.41982575e+09 -0.682336
1.41982975e+09 -0.677114
1.41983375e+09 -0.695132
1.41983775e+09 -0.679509
1.41984175e+09 -0.661202
1.41984575e+09 -0.663977
1.41984975e+09 -0.660487
1.41985375e+09 -0.67064
1.41985775e+09 -0.669906
1.41986175e+09 -0.688071
1.41986575e+09 -0.686802
1.41986975e+09 -0.674366
1.41987375e+09 -0.678478
1.41987775e+09 -0.664288
1.41988175e+09 -0.65968
1.41988575e+09 -0.680004
1.41988975e+09 -0.658273
1.41989375e+09 -0.673046
1.41989775e+09 -0.67907
1.41990175e+09 -0.686564
1.41990575e+09 -0.675711
1.41990975e+09 -0.649506
1.41991375e+09 -0.684695
1.41991775e+09 -0.678539
1.41992175e+09 -0.681887
1.41992575e+09 -0.664581
1.41992975e+09 -0.669226
1.41993375e+09 -0.684385
1.41993775e+09 -0.675371
1.41994175e+09 -0.661044
1.41994575e+09 -0.670057
1.41994975e+09 -0.666963
1.41995375e+09 -0.656779
1.41995775e+09 -0.672547
1.41996175e+09 -0.664355
1.41996575e+09 -0.659706
1.41996975e+09 -0.658192
1.41997375e+09 -0.664207
1.41997775e+09 -0.652735
1.41998175e+09 -0.645398
1.41998575e+09 -0.641556
1.41998975e+09 -0.632906
1.41999375e+09 -0.645459
1.41999775e+09 -0.638045
1.42000175e+09 -0.610124
1.42000575e+09 -0.62929
1.42000975e+09 -0.613143
1.42001375e+09 -0.61139
1.42001775e+09 -0.605958
1.42002175e+09 -0.594347
1.42002575e+09 -0.591674
1.42002975e+09 -0.583784
1.42003375e+09 -0.577766
1.42003775e+09 -0.558184
1.42004175e+09 -0.556181
1.42004575e+09 -0.5501
1.42004975e+09 -0.528561
1.42005375e+09 -0.514305
1.42005775e+09 -0.522637
1.42006175e+09 -0.50735
1.42006575e+09 -0.485095
1.42006975e+09 -0.494076
1.42007375e+09 -0.475024
1.42007775e+09 -0.480736
1.42008175e+09 -0.45278
1.42008575e+09 -0.447831
1.42008975e+09 -0.452606
1.42009375e+09 -0.458381
1.42009775e+09 -0.457519
1.42010175e+09 -0.447339
1.42010575e+09 -0.461508
1.42010975e+09 -0.454907
1.42011375e+09 -0.471611
1.42011775e+09 -0.472725
1.42012175e+09 -0.467232
1.42012575e+09 -0.466413
1.42012975e+09 -0.482735
1.42013375e+09 -0.464471
1.42013775e+09 -0.464441
1.42014175e+09 -0.479156
1.42014575e+09 -0.467678
1.42014975e+09 -0.454498
1.42015375e+09 -0.432882
1.42015775e+09 -0.444717
1.42016175e+09 -0.448472
1.42016575e+09 -0.439358
1.42016975e+09 -0.437461
1.42017375e+09 -0.425503
1.42017775e+09 -0.433891
1.42018175e+09 -0.417089
1.42018575e+09 -0.412281
1.42018975e+09 -0.395428
1.42019375e+09 -0.410547
1.42019775e+09 -0.413378
1.42020175e+09 -0.410976
1.42020575e+09 -0.416328
1.42020975e+09 -0.422906
1.42021375e+09 -0.421
1.42021775e+09 -0.413092
1.42022175e+09 -0.405965
1.42022575e+09 -0.409756
1.42022975e+09 -0.427827
1.42023375e+09 -0.423393
1.42023775e+09 -0.431423
1.42024175e+09 -0.432845
1.42024575e+09 -0.429109
1.42024975e+09 -0.459674
1.42025375e+09 -0.472412
1.42025775e+09 -0.457574
1.42026175e+09 -0.461324
1.42026575e+09 -0.459975
1.42026975e+09 -0.452742
1.42027375e+09 -0.453092
1.42027775e+09 -0.420282
1.42028175e+09 -0.425694
1.42028575e+09 -0.414835
1.42028975e+09 -0.402337
1.42029375e+09 -0.382695
1.42029775e+09 -0.383613
1.42030175e+09 -0.373957
1.42030575e+09 -0.346918
1.42030975e+09 -0.354315
1.42031375e+09 -0.337205
1.42031775e+09 -0.347165
1.42032175e+09 -0.335429
1.42032575e+09 -0.318752
1.42032975e+09 -0.328065
1.42033375e+09 -0.339462
1.42033775e+09 -0.33471
1.42034175e+09 -0.36132
1.42034575e+09 -0.377387
1.42034975e+09 -0.403007
1.42035375e+09 -0.435023
1.42035775e+09 -0.438701
1.42036175e+09 -0.472312
1.42036575e+09 -0.48726
1.42036975e+09 -0.511366
1.42037375e+09 -0.518423
1.42037775e+09 -0.541635
1.42038175e+09 -0.54114
1.42038575e+09 -0.546858
1.42038975e+09 -0.543392
1.42039375e+09 -0.520921
1.42039775e+09 -0.501118
1.42040175e+09 -0.477506
1.42040575e+09 -0.46344
1.42040975e+09 -0.449528
1.42041375e+09 -0.416774
1.42041775e+09 -0.437175
1.42042175e+09 -0.470164
1.42042575e+09 -0.522929
1.42042975e+09 -0.571307
1.42043375e+09 -0.613091
1.42043775e+09 -0.633051
1.42044175e+09 -0.669659
1.42044575e+09 -0.695404
1.42044975e+09 -0.707208
1.42045375e+09 -0.702913
1.42045775e+09 -0.719732
1.42046175e+09 -0.734334
1.42046575e+09 -0.740725
1.42046975e+09 -0.727333
1.42047375e+09 -0.741991
1.42047775e+09 -0.742047
1.42048175e+09 -0.757653
1.42048575e+09 -0.738986
1.42048975e+09 -0.753509
1.42049375e+09 -0.747186
1.42049775e+09 -0.739402
1.42050175e+09 -0.72858
1.42050575e+09 -0.720841
1.42050975e+09 -0.740429
1.42051375e+09 -0.735709
1.42051775e+09 -0.728838
1.42052175e+09 -0.732091
1.42052575e+09 -0.749807
1.42052975e+09 -0.733555
1.42053375e+09 -0.747791
1.42053775e+09 -0.726958
1.42054175e+09 -0.728409
1.42054575e+09 -0.726633
1.42054975e+09 -0.735894
1.42055375e+09 -0.726855
1.42055775e+09 -0.726918
1.42056175e+09 -0.740049
1.42056575e+09 -0.742832
1.42056975e+09 -0.739207
1.42057375e+09 -0.735995
1.42057775e+09 -0.74694
1.42058175e+09 -0.740412
1.42058575e+09 -0.729943
1.42058975e+09 -0.73323
1.42059375e+09 -0.735177
1.42059775e+09 -0.761694
1.42060175e+09 -0.747476
1.42060575e+09 -0.734729
1.42060975e+09 -0.731657
1.42061375e+09 -0.729178
1.42061775e+09 -0.714894
1.42062175e+09 -0.753119
1.42062575e+09 -0.749359
1.42062975e+09 -0.747526
1.42063375e+09 -0.752299
1.42063775e+09 -0.737577
1.42064175e+09 -0.747704
1.42064575e+09 -0.75084
1.42064975e+09 -0.740946
1.42065375e+09 -0.745185
1.42065775e+09 -0.749639
1.42066175e+09 -0.739618
1.42066575e+09 -0.740454
1.42066975e+09 -0.725865
1.42067375e+09 -0.75282
1.42067775e+09 -0.75311
1.42068175e+09 -0.759368
1.42068575e+09 -0.763509
1.42068975e+09 -0.747177
1.42069375e+09 -0.747396
1.42069775e+09 -0.746647
1.42070175e+09 -0.739343
1.42070575e+09 -0.742258
1.42070975e+09 -0.758244
1.42071375e+09 -0.760766
1.42071775e+09 -0.748903
1.42072175e+09 -0.764386
1.42072575e+09 -0.755853
1.42072975e+09 -0.758658
1.42073375e+09 -0.755785
1.42073775e+09 -0.758799
1.42074175e+09 -0.743981
1.42074575e+09 -0.757199
1.42074975e+09 -0.746691
1.42075375e+09 -0.74911
1.42075775e+09 -0.74254
1.42076175e+09 -0.749201
1.42076575e+09 -0.738878
1.42076975e+09 -0.757112
1.42077375e+09 -0.739209
1.42077775e+09 -0.737474
1.42078175e+09 -0.750054
1.42078575e+09 -0.740315
1.42078975e+09 -0.729133
1.42079375e+09 -0.732181
1.42079775e+09 -0.725437
1.42080175e+09 -0.731289
1.42080575e+09 -0.662943
1.42080975e+09 -0.730437
1.42081375e+09 -0.74293
1.42081775e+09 -0.747379
1.42082175e+09 -0.736711
1.42082575e+09 -0.747556
1.42082975e+09 -0.726414
1.42083375e+09 -0.737561
1.42083775e+09 -0.734357
1.42084175e+09 -0.760379
1.42084575e+09 -0.747312
1.42084975e+09 -0.747547
1.42085375e+09 -0.747059
1.42085775e+09 -0.736246
1.42086175e+09 -0.739593
1.42086575e+09 -0.743773
1.42086975e+09 -0.718984
1.42087375e+09 -0.747606
1.42087775e+09 -0.72896
1.42088175e+09 -0.746159
1.42088575e+09 -0.73808
1.42088975e+09 -0.733378
1.42089375e+09 -0.739166
1.42089775e+09 -0.729845
1.42090175e+09 -0.740966
1.42090575e+09 -0.733589
1.42090975e+09 -0.743162
1.42091375e+09 -0.726031
1.42091775e+09 -0.726564
1.42092175e+09 -0.746684
1.42092575e+09 -0.731444
1.42092975e+09 -0.715719
1.42093375e+09 -0.699963
1.42093775e+09 -0.735535
1.42094175e+09 -0.732513
1.42094575e+09 -0.738478
1.42094975e+09 -0.734275
1.42095375e+09 -0.737786
1.42095775e+09 -0.731778
1.42096175e+09 -0.719258
1.42096575e+09 -0.732788
1.42096975e+09 -0.74223
1.42097375e+09 -0.72211
1.42097775e+09 -0.743199
1.42098175e+09 -0.74248
1.42098575e+09 -0.722734
1.42098975e+09 -0.725016
1.42099375e+09 -0.739474
1.42099775e+09 -0.725414
1.42100175e+09 -0.722251
1.42100575e+09 -0.729608
1.42100975e+09 -0.729336
1.42101375e+09 -0.724244
1.42101775e+09 -0.735581
1.42102175e+09 -0.728586
1.42102575e+09 -0.734009
1.42102975e+09 -0.738812
1.42103375e+09 -0.748183
1.42103775e+09 -0.743277
1.42104175e+09 -0.723908
1.42104575e+09 -0.737494
1.42104975e+09 -0.728437
1.42105375e+09 -0.729661
1.42105775e+09 -0.718068
1.42106175e+09 -0.719641
1.42106575e+09 -0.727891
1.42106975e+09 -0.71954
1.42107375e+09 -0.71159
1.42107775e+09 -0.706784
1.42108175e+09 -0.710541
1.42108575e+09 -0.734336
1.42108975e+09 -0.722444
1.42109375e+09 -0.742153
1.42109775e+09 -0.730701
1.42110175e+09 -0.716115
1.42110575e+09 -0.721872
1.42110975e+09 -0.712427
1.42111375e+09 -0.730899
1.42111775e+09 -0.722303
1.42112175e+09 -0.728482
1.42112575e+09 -0.7269
1.42112975e+09 -0.712225
1.42113375e+09 -0.727571
1.42113775e+09 -0.725218
1.42114175e+09 -0.714075
1.42114575e+09 -0.74477
1.42114975e+09 -0.707379
1.42115375e+09 -0.728628
1.42115775e+09 -0.719537
1.42116175e+09 -0.720848
1.42116575e+09 -0.717743
1.42116975e+09 -0.703319
1.42117375e+09 -0.719114
1.42117775e+09 -0.710845
1.42118175e+09 -0.709333
1.42118575e+09 -0.723552
1.42118975e+09 -0.718747
1.42119375e+09 -0.716822
1.42119775e+09 -0.72417
1.42120175e+09 -0.713318
1.42120575e+09 -0.721209
1.42120975e+09 -0.701477
1.42121375e+09 -0.707996
1.42121775e+09 -0.706769
1.42122175e+09 -0.702502
1.42122575e+09 -0.716242
1.42122975e+09 -0.710678
1.42123375e+09 -0.728514
1.42123775e+09 -0.704127
1.42124175e+09 -0.709302
1.42124575e+09 -0.696777
1.42124975e+09 -0.706715
1.42125375e+09 -0.707618
1.42125775e+09 -0.703945
1.42126175e+09 -0.68091
1.42126575e+09 -0.714539
1.42126975e+09 -0.689837
1.42127375e+09 -0.701267
1.42127775e+09 -0.704192
1.42128175e+09 -0.681684
1.42128575e+09 -0.682607
1.42128975e+09 -0.706442
1.42129375e+09 -0.686738
1.42129775e+09 -0.676594
1.42130175e+09 -0.690395
1.42130575e+09 -0.699223
1.42130975e+09 -0.691714
1.42131375e+09 -0.689605
1.42131775e+09 -0.687699
1.42132175e+09 -0.669815
1.42132575e+09 -0.681367
1.42132975e+09 -0.681057
1.42133375e+09 -0.680588
1.42133775e+09 -0.693113
1.42134175e+09 -0.681775
1.42134575e+09 -0.682965
1.42134975e+09 -0.686497
1.42135375e+09 -0.695484
1.42135775e+09 -0.682623
1.42136175e+09 -0.683353
1.42136575e+09 -0.675769
1.42136975e+09 -0.665768
1.42137375e+09 -0.681689
1.42137775e+09 -0.687142
1.42138175e+09 -0.684901
1.42138575e+09 -0.691415
1.42138975e+09 -0.675353
1.42139375e+09 -0.680355
1.42139775e+09 -0.673943
1.42140175e+09 -0.680286


