# rtl-power-fftw output
# galactisch: 236
# antenne: 206-14
# dark: dark20170925063727
# data: A236_20170925084514
# -b: 500
# -t: 150
# -g: 300
# -p: 0
# Acquisition start: 2017-09-25 08:45:14 UTC
# Acquisition end: 2017-09-25 08:47:46 UTC
#
# frequency [Hz] power spectral density [dB/Hz]
1.41940575e+09 0.0309499
1.41940975e+09 0.0251146
1.41941375e+09 0.0233801
1.41941775e+09 0.0229954
1.41942175e+09 0.0315754
1.41942575e+09 0.00678949
1.41942975e+09 0.0258225
1.41943375e+09 0.0317128
1.41943775e+09 0.0293226
1.41944175e+09 0.0210518
1.41944575e+09 0.0158433
1.41944975e+09 0.0285599
1.41945375e+09 0.0242647
1.41945775e+09 0.0324939
1.41946175e+09 0.0130093
1.41946575e+09 0.0216136
1.41946975e+09 0.0365412
1.41947375e+09 0.0364301
1.41947775e+09 0.0398868
1.41948175e+09 0.0326267
1.41948575e+09 0.0307717
1.41948975e+09 0.0403544
1.41949375e+09 0.0385065
1.41949775e+09 0.0491353
1.41950175e+09 0.043174
1.41950575e+09 0.0497136
1.41950975e+09 0.0463589
1.41951375e+09 0.0537229
1.41951775e+09 0.0467033
1.41952175e+09 0.04117
1.41952575e+09 0.0552157
1.41952975e+09 0.0670778
1.41953375e+09 0.0635897
1.41953775e+09 0.0704805
1.41954175e+09 0.0557298
1.41954575e+09 0.0705886
1.41954975e+09 0.0629487
1.41955375e+09 0.0658502
1.41955775e+09 0.0675475
1.41956175e+09 0.0716905
1.41956575e+09 0.0645149
1.41956975e+09 0.0573153
1.41957375e+09 0.0782827
1.41957775e+09 0.0741365
1.41958175e+09 0.0571249
1.41958575e+09 0.0616477
1.41958975e+09 0.0559101
1.41959375e+09 0.0596661
1.41959775e+09 0.0606432
1.41960175e+09 0.0666156
1.41960575e+09 0.0519347
1.41960975e+09 0.0762071
1.41961375e+09 0.0575898
1.41961775e+09 0.0586046
1.41962175e+09 0.0636317
1.41962575e+09 0.0524156
1.41962975e+09 0.0739982
1.41963375e+09 0.0548587
1.41963775e+09 0.0607819
1.41964175e+09 0.0681592
1.41964575e+09 0.0693113
1.41964975e+09 0.0593182
1.41965375e+09 0.0576479
1.41965775e+09 0.0723936
1.41966175e+09 0.045786
1.41966575e+09 0.058761
1.41966975e+09 0.063026
1.41967375e+09 0.0395829
1.41967775e+09 0.0685978
1.41968175e+09 0.0455984
1.41968575e+09 0.0629843
1.41968975e+09 0.0556758
1.41969375e+09 0.0649582
1.41969775e+09 0.0684273
1.41970175e+09 0.0627304
1.41970575e+09 0.0624773
1.41970975e+09 0.0548284
1.41971375e+09 0.0494715
1.41971775e+09 0.0444195
1.41972175e+09 0.054324
1.41972575e+09 0.0436727
1.41972975e+09 0.0457111
1.41973375e+09 0.0646982
1.41973775e+09 0.0356131
1.41974175e+09 0.0521258
1.41974575e+09 0.0416532
1.41974975e+09 0.0475203
1.41975375e+09 0.0358155
1.41975775e+09 0.0478714
1.41976175e+09 0.0482127
1.41976575e+09 0.0435267
1.41976975e+09 0.0615493
1.41977375e+09 0.0401982
1.41977775e+09 0.0416429
1.41978175e+09 0.0488608
1.41978575e+09 0.0513663
1.41978975e+09 0.0347499
1.41979375e+09 0.0509487
1.41979775e+09 0.0409021
1.41980175e+09 0.0397156
1.41980575e+09 0.0351637
1.41980975e+09 0.0290538
1.41981375e+09 0.0354455
1.41981775e+09 0.0400778
1.41982175e+09 0.0471189
1.41982575e+09 0.0464848
1.41982975e+09 0.0453517
1.41983375e+09 0.0266523
1.41983775e+09 0.0392806
1.41984175e+09 0.0494076
1.41984575e+09 0.057416
1.41984975e+09 0.0476543
1.41985375e+09 0.0444965
1.41985775e+09 0.0436287
1.41986175e+09 0.036991
1.41986575e+09 0.0340975
1.41986975e+09 0.043862
1.41987375e+09 0.0212971
1.41987775e+09 0.0481481
1.41988175e+09 0.0450835
1.41988575e+09 0.0514111
1.41988975e+09 0.0683267
1.41989375e+09 0.0558377
1.41989775e+09 0.0484401
1.41990175e+09 0.0496774
1.41990575e+09 0.043691
1.41990975e+09 0.067367
1.41991375e+09 0.0354692
1.41991775e+09 0.0354989
1.41992175e+09 0.041635
1.41992575e+09 0.0470878
1.41992975e+09 0.0506196
1.41993375e+09 0.0348449
1.41993775e+09 0.0415608
1.41994175e+09 0.0506828
1.41994575e+09 0.0482249
1.41994975e+09 0.0551767
1.41995375e+09 0.0609199
1.41995775e+09 0.0506138
1.41996175e+09 0.0518298
1.41996575e+09 0.0605388
1.41996975e+09 0.0534095
1.41997375e+09 0.0581794
1.41997775e+09 0.0646944
1.41998175e+09 0.0705873
1.41998575e+09 0.0764605
1.41998975e+09 0.0691669
1.41999375e+09 0.075909
1.41999775e+09 0.0816009
1.42000175e+09 0.0846375
1.42000575e+09 0.0843022
1.42000975e+09 0.0977472
1.42001375e+09 0.0917489
1.42001775e+09 0.0963542
1.42002175e+09 0.110779
1.42002575e+09 0.105742
1.42002975e+09 0.11751
1.42003375e+09 0.126523
1.42003775e+09 0.123252
1.42004175e+09 0.137123
1.42004575e+09 0.14847
1.42004975e+09 0.154136
1.42005375e+09 0.153061
1.42005775e+09 0.142338
1.42006175e+09 0.157086
1.42006575e+09 0.181214
1.42006975e+09 0.162293
1.42007375e+09 0.166549
1.42007775e+09 0.170588
1.42008175e+09 0.189911
1.42008575e+09 0.187708
1.42008975e+09 0.182162
1.42009375e+09 0.165193
1.42009775e+09 0.158871
1.42010175e+09 0.170052
1.42010575e+09 0.163874
1.42010975e+09 0.182782
1.42011375e+09 0.15875
1.42011775e+09 0.156706
1.42012175e+09 0.168534
1.42012575e+09 0.185241
1.42012975e+09 0.175344
1.42013375e+09 0.176488
1.42013775e+09 0.194407
1.42014175e+09 0.174163
1.42014575e+09 0.179881
1.42014975e+09 0.196029
1.42015375e+09 0.200234
1.42015775e+09 0.203867
1.42016175e+09 0.205309
1.42016575e+09 0.207066
1.42016975e+09 0.202592
1.42017375e+09 0.203633
1.42017775e+09 0.193783
1.42018175e+09 0.191148
1.42018575e+09 0.197477
1.42018975e+09 0.220052
1.42019375e+09 0.205282
1.42019775e+09 0.202352
1.42020175e+09 0.199595
1.42020575e+09 0.194032
1.42020975e+09 0.191727
1.42021375e+09 0.192723
1.42021775e+09 0.185321
1.42022175e+09 0.187524
1.42022575e+09 0.187011
1.42022975e+09 0.178892
1.42023375e+09 0.165656
1.42023775e+09 0.166121
1.42024175e+09 0.161943
1.42024575e+09 0.165416
1.42024975e+09 0.115784
1.42025375e+09 0.134998
1.42025775e+09 0.153886
1.42026175e+09 0.152595
1.42026575e+09 0.161055
1.42026975e+09 0.177479
1.42027375e+09 0.180376
1.42027775e+09 0.198025
1.42028175e+09 0.196406
1.42028575e+09 0.210863
1.42028975e+09 0.222267
1.42029375e+09 0.240394
1.42029775e+09 0.241601
1.42030175e+09 0.243486
1.42030575e+09 0.249662
1.42030975e+09 0.244037
1.42031375e+09 0.251952
1.42031775e+09 0.248412
1.42032175e+09 0.241156
1.42032575e+09 0.224173
1.42032975e+09 0.230468
1.42033375e+09 0.20731
1.42033775e+09 0.187657
1.42034175e+09 0.188388
1.42034575e+09 0.16115
1.42034975e+09 0.150175
1.42035375e+09 0.130603
1.42035775e+09 0.117723
1.42036175e+09 0.109924
1.42036575e+09 0.114731
1.42036975e+09 0.09285
1.42037375e+09 0.10046
1.42037775e+09 0.0903019
1.42038175e+09 0.0811247
1.42038575e+09 0.0892268
1.42038975e+09 0.0894301
1.42039375e+09 0.0922531
1.42039775e+09 0.111902
1.42040175e+09 0.138776
1.42040575e+09 0.148279
1.42040975e+09 0.157656
1.42041375e+09 0.161727
1.42041775e+09 0.156942
1.42042175e+09 0.142632
1.42042575e+09 0.111584
1.42042975e+09 0.0754813
1.42043375e+09 0.0524506
1.42043775e+09 0.0229226
1.42044175e+09 0.0173407
1.42044575e+09 -0.00519463
1.42044975e+09 0.00333456
1.42045375e+09 -0.0300566
1.42045775e+09 -0.0101164
1.42046175e+09 -0.0286459
1.42046575e+09 -0.0181307
1.42046975e+09 -0.0207177
1.42047375e+09 -0.035859
1.42047775e+09 -0.0344817
1.42048175e+09 -0.0460469
1.42048575e+09 -0.0345355
1.42048975e+09 -0.0337951
1.42049375e+09 -0.0336589
1.42049775e+09 -0.0362229
1.42050175e+09 -0.0266865
1.42050575e+09 -0.0185826
1.42050975e+09 -0.033031
1.42051375e+09 -0.0250458
1.42051775e+09 -0.0118627
1.42052175e+09 -0.0251329
1.42052575e+09 -0.0301118
1.42052975e+09 -0.0152665
1.42053375e+09 -0.0312847
1.42053775e+09 -0.0286125
1.42054175e+09 -0.0285717
1.42054575e+09 -0.0210218
1.42054975e+09 -0.024688
1.42055375e+09 -0.0172521
1.42055775e+09 -0.0304511
1.42056175e+09 -0.026457
1.42056575e+09 -0.0257613
1.42056975e+09 -0.0267333
1.42057375e+09 -0.0225293
1.42057775e+09 -0.0381075
1.42058175e+09 -0.0227893
1.42058575e+09 -0.0204184
1.42058975e+09 -0.028753
1.42059375e+09 -0.0309146
1.42059775e+09 -0.0401796
1.42060175e+09 -0.0236603
1.42060575e+09 -0.0100586
1.42060975e+09 -0.0217438
1.42061375e+09 -0.0191835
1.42061775e+09 -0.00607901
1.42062175e+09 -0.0339191
1.42062575e+09 -0.0296664
1.42062975e+09 -0.0208
1.42063375e+09 -0.0409755
1.42063775e+09 -0.036583
1.42064175e+09 -0.0363117
1.42064575e+09 -0.0239749
1.42064975e+09 -0.00552967
1.42065375e+09 -0.0257655
1.42065775e+09 -0.0287251
1.42066175e+09 -0.0246193
1.42066575e+09 -0.0402637
1.42066975e+09 -0.0309771
1.42067375e+09 -0.0354914
1.42067775e+09 -0.0528817
1.42068175e+09 -0.0429474
1.42068575e+09 -0.0267233
1.42068975e+09 -0.0243901
1.42069375e+09 -0.0376247
1.42069775e+09 -0.0283276
1.42070175e+09 -0.0324716
1.42070575e+09 -0.0272869
1.42070975e+09 -0.0447418
1.42071375e+09 -0.0283603
1.42071775e+09 -0.0438051
1.42072175e+09 -0.0534576
1.42072575e+09 -0.0394015
1.42072975e+09 -0.0408654
1.42073375e+09 -0.0389699
1.42073775e+09 -0.0401366
1.42074175e+09 -0.0210747
1.42074575e+09 -0.0513779
1.42074975e+09 -0.0359654
1.42075375e+09 -0.0301299
1.42075775e+09 -0.0208613
1.42076175e+09 -0.0303488
1.42076575e+09 -0.0339735
1.42076975e+09 -0.0303558
1.42077375e+09 -0.0273484
1.42077775e+09 -0.0326334
1.42078175e+09 -0.0242217
1.42078575e+09 -0.0199654
1.42078975e+09 -0.0215539
1.42079375e+09 -0.0296856
1.42079775e+09 -0.0309155
1.42080175e+09 -0.0211605
1.42080575e+09 0.0346119
1.42080975e+09 -0.0238881
1.42081375e+09 -0.0266226
1.42081775e+09 -0.0332714
1.42082175e+09 -0.01778
1.42082575e+09 -0.0260504
1.42082975e+09 -0.00985247
1.42083375e+09 -0.0313916
1.42083775e+09 -0.017835
1.42084175e+09 -0.0380875
1.42084575e+09 -0.0281711
1.42084975e+09 -0.0241084
1.42085375e+09 -0.0235766
1.42085775e+09 -0.0226702
1.42086175e+09 -0.0207423
1.42086575e+09 -0.0378686
1.42086975e+09 -0.0137549
1.42087375e+09 -0.0229979
1.42087775e+09 -0.0293934
1.42088175e+09 -0.0249062
1.42088575e+09 -0.0263801
1.42088975e+09 -0.036182
1.42089375e+09 -0.0203693
1.42089775e+09 -0.031628
1.42090175e+09 -0.0353809
1.42090575e+09 -0.0335033
1.42090975e+09 -0.032096
1.42091375e+09 -0.0183159
1.42091775e+09 -0.0165648
1.42092175e+09 -0.0237893
1.42092575e+09 -0.0131609
1.42092975e+09 -0.0074737
1.42093375e+09 -0.00262258
1.42093775e+09 -0.0252279
1.42094175e+09 -0.0297586
1.42094575e+09 -0.0136566
1.42094975e+09 -0.0249255
1.42095375e+09 -0.0291465
1.42095775e+09 -0.00783526
1.42096175e+09 -0.0124242
1.42096575e+09 -0.0128739
1.42096975e+09 -0.0280383
1.42097375e+09 -0.0154202
1.42097775e+09 -0.0313039
1.42098175e+09 -0.0268834
1.42098575e+09 -0.0226282
1.42098975e+09 -0.0211774
1.42099375e+09 -0.0178404
1.42099775e+09 -0.0260066
1.42100175e+09 -0.00799442
1.42100575e+09 -0.0157572
1.42100975e+09 -0.0192287
1.42101375e+09 -0.0251453
1.42101775e+09 -0.0192166
1.42102175e+09 -0.0165683
1.42102575e+09 -0.0112016
1.42102975e+09 -0.0273447
1.42103375e+09 -0.0347149
1.42103775e+09 -0.0212488
1.42104175e+09 -0.0123103
1.42104575e+09 -0.019115
1.42104975e+09 -0.0267698
1.42105375e+09 -0.0179827
1.42105775e+09 -0.0150184
1.42106175e+09 -0.0172515
1.42106575e+09 -0.0124868
1.42106975e+09 -0.00828001
1.42107375e+09 -0.00577159
1.42107775e+09 0.00901606
1.42108175e+09 -0.0058291
1.42108575e+09 -0.0190209
1.42108975e+09 -0.0112035
1.42109375e+09 -0.0194976
1.42109775e+09 -0.0213844
1.42110175e+09 -0.00928211
1.42110575e+09 -0.0176057
1.42110975e+09 0.00148472
1.42111375e+09 -0.00487144
1.42111775e+09 -0.0241385
1.42112175e+09 0.000160435
1.42112575e+09 -0.016437
1.42112975e+09 0.00403048
1.42113375e+09 -0.0263549
1.42113775e+09 -0.00661007
1.42114175e+09 -0.000808799
1.42114575e+09 -0.0255359
1.42114975e+09 0.00789057
1.42115375e+09 -0.0113548
1.42115775e+09 -0.0123991
1.42116175e+09 -0.0127314
1.42116575e+09 -0.00656426
1.42116975e+09 -0.0143763
1.42117375e+09 -0.0188843
1.42117775e+09 -0.0102662
1.42118175e+09 -0.000226922
1.42118575e+09 -0.0221935
1.42118975e+09 -0.00525971
1.42119375e+09 -0.00665463
1.42119775e+09 -0.00604974
1.42120175e+09 0.00528078
1.42120575e+09 -0.00442533
1.42120975e+09 -0.00684867
1.42121375e+09 -0.00854699
1.42121775e+09 0.0190238
1.42122175e+09 0.00192696
1.42122575e+09 -0.0126835
1.42122975e+09 0.004772
1.42123375e+09 -0.00966844
1.42123775e+09 0.0137896
1.42124175e+09 0.00731196
1.42124575e+09 0.00766354
1.42124975e+09 -0.00142062
1.42125375e+09 0.00295301
1.42125775e+09 0.00549886
1.42126175e+09 0.00929011
1.42126575e+09 -0.00253532
1.42126975e+09 0.0129921
1.42127375e+09 0.00987096
1.42127775e+09 0.00843672
1.42128175e+09 0.0256542
1.42128575e+09 0.00124242
1.42128975e+09 0.00296624
1.42129375e+09 0.00746474
1.42129775e+09 0.0138946
1.42130175e+09 0.0173583
1.42130575e+09 0.00687341
1.42130975e+09 0.0195438
1.42131375e+09 0.0092901
1.42131775e+09 0.0205995
1.42132175e+09 0.0151115
1.42132575e+09 0.0229422
1.42132975e+09 0.027206
1.42133375e+09 0.0253998
1.42133775e+09 0.0142256
1.42134175e+09 0.0248623
1.42134575e+09 0.00961849
1.42134975e+09 0.0267017
1.42135375e+09 0.0211506
1.42135775e+09 0.0285168
1.42136175e+09 0.0175185
1.42136575e+09 0.0347653
1.42136975e+09 0.0420308
1.42137375e+09 0.0229793
1.42137775e+09 0.0200777
1.42138175e+09 0.0299249
1.42138575e+09 0.0173334
1.42138975e+09 0.046646
1.42139375e+09 0.0318099
1.42139775e+09 0.024897
1.42140175e+09 0.031931


