# rtl-power-fftw output
# galactisch: 240
# antenne: 204-11
# dark: dark20170925063727
# data: A240_20170925085003
# -b: 500
# -t: 150
# -g: 300
# -p: 0
# Acquisition start: 2017-09-25 08:50:04 UTC
# Acquisition end: 2017-09-25 08:52:36 UTC
#
# frequency [Hz] power spectral density [dB/Hz]
1.41940575e+09 0.491131
1.41940975e+09 0.490136
1.41941375e+09 0.476366
1.41941775e+09 0.487516
1.41942175e+09 0.495817
1.41942575e+09 0.48585
1.41942975e+09 0.496517
1.41943375e+09 0.500152
1.41943775e+09 0.487746
1.41944175e+09 0.485242
1.41944575e+09 0.506714
1.41944975e+09 0.492145
1.41945375e+09 0.506022
1.41945775e+09 0.494903
1.41946175e+09 0.49325
1.41946575e+09 0.507165
1.41946975e+09 0.509979
1.41947375e+09 0.506014
1.41947775e+09 0.523592
1.41948175e+09 0.511971
1.41948575e+09 0.51499
1.41948975e+09 0.512919
1.41949375e+09 0.517395
1.41949775e+09 0.519806
1.41950175e+09 0.535032
1.41950575e+09 0.53546
1.41950975e+09 0.522285
1.41951375e+09 0.541323
1.41951775e+09 0.535558
1.41952175e+09 0.528205
1.41952575e+09 0.54081
1.41952975e+09 0.568531
1.41953375e+09 0.554999
1.41953775e+09 0.55768
1.41954175e+09 0.557219
1.41954575e+09 0.548564
1.41954975e+09 0.558292
1.41955375e+09 0.5487
1.41955775e+09 0.553739
1.41956175e+09 0.559287
1.41956575e+09 0.563403
1.41956975e+09 0.549624
1.41957375e+09 0.569575
1.41957775e+09 0.561595
1.41958175e+09 0.544038
1.41958575e+09 0.552521
1.41958975e+09 0.541595
1.41959375e+09 0.556779
1.41959775e+09 0.554781
1.41960175e+09 0.560155
1.41960575e+09 0.551151
1.41960975e+09 0.558374
1.41961375e+09 0.548243
1.41961775e+09 0.552038
1.41962175e+09 0.545235
1.41962575e+09 0.548822
1.41962975e+09 0.561864
1.41963375e+09 0.54504
1.41963775e+09 0.544101
1.41964175e+09 0.555787
1.41964575e+09 0.561716
1.41964975e+09 0.536169
1.41965375e+09 0.551539
1.41965775e+09 0.559199
1.41966175e+09 0.550078
1.41966575e+09 0.553863
1.41966975e+09 0.549857
1.41967375e+09 0.548627
1.41967775e+09 0.559425
1.41968175e+09 0.544142
1.41968575e+09 0.55984
1.41968975e+09 0.554476
1.41969375e+09 0.553661
1.41969775e+09 0.554504
1.41970175e+09 0.542411
1.41970575e+09 0.528445
1.41970975e+09 0.530158
1.41971375e+09 0.540015
1.41971775e+09 0.525762
1.41972175e+09 0.537996
1.41972575e+09 0.539976
1.41972975e+09 0.541006
1.41973375e+09 0.557328
1.41973775e+09 0.537845
1.41974175e+09 0.542054
1.41974575e+09 0.534385
1.41974975e+09 0.535507
1.41975375e+09 0.530167
1.41975775e+09 0.539063
1.41976175e+09 0.544025
1.41976575e+09 0.541369
1.41976975e+09 0.53729
1.41977375e+09 0.530263
1.41977775e+09 0.531263
1.41978175e+09 0.52874
1.41978575e+09 0.539435
1.41978975e+09 0.524552
1.41979375e+09 0.528673
1.41979775e+09 0.536329
1.41980175e+09 0.532622
1.41980575e+09 0.532455
1.41980975e+09 0.522421
1.41981375e+09 0.528295
1.41981775e+09 0.516621
1.41982175e+09 0.534897
1.41982575e+09 0.53782
1.41982975e+09 0.540338
1.41983375e+09 0.512003
1.41983775e+09 0.531295
1.41984175e+09 0.534301
1.41984575e+09 0.534424
1.41984975e+09 0.528664
1.41985375e+09 0.528112
1.41985775e+09 0.522168
1.41986175e+09 0.516072
1.41986575e+09 0.523589
1.41986975e+09 0.52203
1.41987375e+09 0.520414
1.41987775e+09 0.541165
1.41988175e+09 0.530586
1.41988575e+09 0.524258
1.41988975e+09 0.533611
1.41989375e+09 0.547615
1.41989775e+09 0.526003
1.41990175e+09 0.525348
1.41990575e+09 0.518556
1.41990975e+09 0.532865
1.41991375e+09 0.514116
1.41991775e+09 0.525739
1.41992175e+09 0.528155
1.41992575e+09 0.536352
1.41992975e+09 0.536561
1.41993375e+09 0.518485
1.41993775e+09 0.522663
1.41994175e+09 0.537259
1.41994575e+09 0.53132
1.41994975e+09 0.53154
1.41995375e+09 0.543336
1.41995775e+09 0.521598
1.41996175e+09 0.52594
1.41996575e+09 0.529109
1.41996975e+09 0.544166
1.41997375e+09 0.538977
1.41997775e+09 0.551148
1.41998175e+09 0.544621
1.41998575e+09 0.550339
1.41998975e+09 0.541329
1.41999375e+09 0.545161
1.41999775e+09 0.537173
1.42000175e+09 0.547231
1.42000575e+09 0.553221
1.42000975e+09 0.554402
1.42001375e+09 0.549282
1.42001775e+09 0.54332
1.42002175e+09 0.547092
1.42002575e+09 0.558633
1.42002975e+09 0.548164
1.42003375e+09 0.559918
1.42003775e+09 0.551606
1.42004175e+09 0.555233
1.42004575e+09 0.561617
1.42004975e+09 0.573765
1.42005375e+09 0.577841
1.42005775e+09 0.540526
1.42006175e+09 0.56496
1.42006575e+09 0.579114
1.42006975e+09 0.582235
1.42007375e+09 0.576017
1.42007775e+09 0.569784
1.42008175e+09 0.582348
1.42008575e+09 0.572105
1.42008975e+09 0.562327
1.42009375e+09 0.562174
1.42009775e+09 0.565651
1.42010175e+09 0.577558
1.42010575e+09 0.564867
1.42010975e+09 0.588063
1.42011375e+09 0.568542
1.42011775e+09 0.568236
1.42012175e+09 0.576212
1.42012575e+09 0.572632
1.42012975e+09 0.586632
1.42013375e+09 0.584645
1.42013775e+09 0.58864
1.42014175e+09 0.591883
1.42014575e+09 0.585937
1.42014975e+09 0.588784
1.42015375e+09 0.584127
1.42015775e+09 0.584355
1.42016175e+09 0.58769
1.42016575e+09 0.574898
1.42016975e+09 0.580717
1.42017375e+09 0.562345
1.42017775e+09 0.545737
1.42018175e+09 0.566317
1.42018575e+09 0.568067
1.42018975e+09 0.574604
1.42019375e+09 0.568059
1.42019775e+09 0.561991
1.42020175e+09 0.560816
1.42020575e+09 0.546846
1.42020975e+09 0.544023
1.42021375e+09 0.540015
1.42021775e+09 0.530443
1.42022175e+09 0.541764
1.42022575e+09 0.54805
1.42022975e+09 0.541099
1.42023375e+09 0.532407
1.42023775e+09 0.5205
1.42024175e+09 0.52081
1.42024575e+09 0.541144
1.42024975e+09 0.510908
1.42025375e+09 0.515803
1.42025775e+09 0.53359
1.42026175e+09 0.543211
1.42026575e+09 0.546285
1.42026975e+09 0.553482
1.42027375e+09 0.547099
1.42027775e+09 0.571129
1.42028175e+09 0.561171
1.42028575e+09 0.589912
1.42028975e+09 0.582599
1.42029375e+09 0.589963
1.42029775e+09 0.602964
1.42030175e+09 0.59874
1.42030575e+09 0.623644
1.42030975e+09 0.598155
1.42031375e+09 0.604571
1.42031775e+09 0.594482
1.42032175e+09 0.594284
1.42032575e+09 0.591295
1.42032975e+09 0.582314
1.42033375e+09 0.568289
1.42033775e+09 0.569251
1.42034175e+09 0.565978
1.42034575e+09 0.54878
1.42034975e+09 0.543546
1.42035375e+09 0.530419
1.42035775e+09 0.530256
1.42036175e+09 0.518546
1.42036575e+09 0.528486
1.42036975e+09 0.512159
1.42037375e+09 0.520832
1.42037775e+09 0.513763
1.42038175e+09 0.50997
1.42038575e+09 0.497986
1.42038975e+09 0.507978
1.42039375e+09 0.511665
1.42039775e+09 0.526742
1.42040175e+09 0.525453
1.42040575e+09 0.529551
1.42040975e+09 0.533542
1.42041375e+09 0.546436
1.42041775e+09 0.538236
1.42042175e+09 0.538021
1.42042575e+09 0.520462
1.42042975e+09 0.492372
1.42043375e+09 0.478371
1.42043775e+09 0.466153
1.42044175e+09 0.466112
1.42044575e+09 0.454767
1.42044975e+09 0.457139
1.42045375e+09 0.44174
1.42045775e+09 0.446001
1.42046175e+09 0.433277
1.42046575e+09 0.440464
1.42046975e+09 0.434306
1.42047375e+09 0.432693
1.42047775e+09 0.420515
1.42048175e+09 0.422194
1.42048575e+09 0.437357
1.42048975e+09 0.433247
1.42049375e+09 0.446416
1.42049775e+09 0.429796
1.42050175e+09 0.448487
1.42050575e+09 0.446051
1.42050975e+09 0.438698
1.42051375e+09 0.448773
1.42051775e+09 0.445802
1.42052175e+09 0.43536
1.42052575e+09 0.420267
1.42052975e+09 0.434122
1.42053375e+09 0.428731
1.42053775e+09 0.451294
1.42054175e+09 0.430101
1.42054575e+09 0.440677
1.42054975e+09 0.435263
1.42055375e+09 0.45248
1.42055775e+09 0.434585
1.42056175e+09 0.436977
1.42056575e+09 0.447802
1.42056975e+09 0.436607
1.42057375e+09 0.444479
1.42057775e+09 0.435633
1.42058175e+09 0.439163
1.42058575e+09 0.446588
1.42058975e+09 0.444314
1.42059375e+09 0.440924
1.42059775e+09 0.43151
1.42060175e+09 0.434944
1.42060575e+09 0.451497
1.42060975e+09 0.449803
1.42061375e+09 0.448072
1.42061775e+09 0.448988
1.42062175e+09 0.435522
1.42062575e+09 0.437613
1.42062975e+09 0.434589
1.42063375e+09 0.423897
1.42063775e+09 0.442859
1.42064175e+09 0.43456
1.42064575e+09 0.443344
1.42064975e+09 0.442948
1.42065375e+09 0.415866
1.42065775e+09 0.434836
1.42066175e+09 0.434602
1.42066575e+09 0.436066
1.42066975e+09 0.440524
1.42067375e+09 0.433103
1.42067775e+09 0.415434
1.42068175e+09 0.428872
1.42068575e+09 0.429563
1.42068975e+09 0.414438
1.42069375e+09 0.427631
1.42069775e+09 0.437599
1.42070175e+09 0.428415
1.42070575e+09 0.43187
1.42070975e+09 0.420272
1.42071375e+09 0.422091
1.42071775e+09 0.424292
1.42072175e+09 0.412573
1.42072575e+09 0.422847
1.42072975e+09 0.41598
1.42073375e+09 0.409913
1.42073775e+09 0.419758
1.42074175e+09 0.438654
1.42074575e+09 0.428849
1.42074975e+09 0.423981
1.42075375e+09 0.422206
1.42075775e+09 0.434622
1.42076175e+09 0.438238
1.42076575e+09 0.421519
1.42076975e+09 0.41682
1.42077375e+09 0.426908
1.42077775e+09 0.429468
1.42078175e+09 0.422641
1.42078575e+09 0.44118
1.42078975e+09 0.447489
1.42079375e+09 0.446794
1.42079775e+09 0.431294
1.42080175e+09 0.439475
1.42080575e+09 0.468614
1.42080975e+09 0.435646
1.42081375e+09 0.422594
1.42081775e+09 0.431419
1.42082175e+09 0.438647
1.42082575e+09 0.427882
1.42082975e+09 0.439489
1.42083375e+09 0.427299
1.42083775e+09 0.438316
1.42084175e+09 0.431229
1.42084575e+09 0.429106
1.42084975e+09 0.436597
1.42085375e+09 0.436079
1.42085775e+09 0.434187
1.42086175e+09 0.436027
1.42086575e+09 0.441237
1.42086975e+09 0.442192
1.42087375e+09 0.431407
1.42087775e+09 0.444429
1.42088175e+09 0.436075
1.42088575e+09 0.436277
1.42088975e+09 0.431868
1.42089375e+09 0.445568
1.42089775e+09 0.430974
1.42090175e+09 0.429105
1.42090575e+09 0.425466
1.42090975e+09 0.432024
1.42091375e+09 0.441956
1.42091775e+09 0.441641
1.42092175e+09 0.434529
1.42092575e+09 0.449178
1.42092975e+09 0.450411
1.42093375e+09 0.447283
1.42093775e+09 0.439837
1.42094175e+09 0.423232
1.42094575e+09 0.434476
1.42094975e+09 0.435453
1.42095375e+09 0.429232
1.42095775e+09 0.442026
1.42096175e+09 0.450602
1.42096575e+09 0.437557
1.42096975e+09 0.434674
1.42097375e+09 0.445067
1.42097775e+09 0.424579
1.42098175e+09 0.429435
1.42098575e+09 0.440672
1.42098975e+09 0.442542
1.42099375e+09 0.452497
1.42099775e+09 0.443482
1.42100175e+09 0.448906
1.42100575e+09 0.432234
1.42100975e+09 0.442357
1.42101375e+09 0.427842
1.42101775e+09 0.435832
1.42102175e+09 0.437968
1.42102575e+09 0.446277
1.42102975e+09 0.438898
1.42103375e+09 0.42953
1.42103775e+09 0.425367
1.42104175e+09 0.439282
1.42104575e+09 0.417462
1.42104975e+09 0.425957
1.42105375e+09 0.434864
1.42105775e+09 0.449169
1.42106175e+09 0.444765
1.42106575e+09 0.438615
1.42106975e+09 0.452793
1.42107375e+09 0.444932
1.42107775e+09 0.454592
1.42108175e+09 0.44739
1.42108575e+09 0.432467
1.42108975e+09 0.454449
1.42109375e+09 0.428328
1.42109775e+09 0.443256
1.42110175e+09 0.458254
1.42110575e+09 0.437197
1.42110975e+09 0.442986
1.42111375e+09 0.445145
1.42111775e+09 0.433749
1.42112175e+09 0.439532
1.42112575e+09 0.448963
1.42112975e+09 0.450987
1.42113375e+09 0.42922
1.42113775e+09 0.446264
1.42114175e+09 0.452158
1.42114575e+09 0.430668
1.42114975e+09 0.452939
1.42115375e+09 0.424747
1.42115775e+09 0.451358
1.42116175e+09 0.444288
1.42116575e+09 0.44101
1.42116975e+09 0.450265
1.42117375e+09 0.438309
1.42117775e+09 0.450224
1.42118175e+09 0.454371
1.42118575e+09 0.432132
1.42118975e+09 0.454651
1.42119375e+09 0.443288
1.42119775e+09 0.444221
1.42120175e+09 0.45599
1.42120575e+09 0.439601
1.42120975e+09 0.462389
1.42121375e+09 0.451575
1.42121775e+09 0.45044
1.42122175e+09 0.45899
1.42122575e+09 0.437412
1.42122975e+09 0.449137
1.42123375e+09 0.430025
1.42123775e+09 0.469162
1.42124175e+09 0.447287
1.42124575e+09 0.459984
1.42124975e+09 0.463856
1.42125375e+09 0.46425
1.42125775e+09 0.450445
1.42126175e+09 0.470638
1.42126575e+09 0.437798
1.42126975e+09 0.464943
1.42127375e+09 0.466309
1.42127775e+09 0.462209
1.42128175e+09 0.466752
1.42128575e+09 0.466011
1.42128975e+09 0.448631
1.42129375e+09 0.46154
1.42129775e+09 0.478683
1.42130175e+09 0.465743
1.42130575e+09 0.468895
1.42130975e+09 0.468326
1.42131375e+09 0.476023
1.42131775e+09 0.468486
1.42132175e+09 0.473104
1.42132575e+09 0.479774
1.42132975e+09 0.475641
1.42133375e+09 0.474791
1.42133775e+09 0.465111
1.42134175e+09 0.485482
1.42134575e+09 0.486202
1.42134975e+09 0.484261
1.42135375e+09 0.476972
1.42135775e+09 0.494862
1.42136175e+09 0.473358
1.42136575e+09 0.492863
1.42136975e+09 0.496874
1.42137375e+09 0.481438
1.42137775e+09 0.492035
1.42138175e+09 0.496111
1.42138575e+09 0.482464
1.42138975e+09 0.508676
1.42139375e+09 0.497283
1.42139775e+09 0.496103
1.42140175e+09 0.490382


