# rtl-power-fftw output
# galactisch: 244
# antenne: 202-7
# dark: dark20170925063727
# data: A244_20170925085437
# -b: 500
# -t: 150
# -g: 300
# -p: 0
# Acquisition start: 2017-09-25 08:54:38 UTC
# Acquisition end: 2017-09-25 08:57:10 UTC
#
# frequency [Hz] power spectral density [dB/Hz]
1.41940575e+09 0.900493
1.41940975e+09 0.910187
1.41941375e+09 0.904642
1.41941775e+09 0.910039
1.41942175e+09 0.913463
1.41942575e+09 0.918263
1.41942975e+09 0.91458
1.41943375e+09 0.935332
1.41943775e+09 0.920124
1.41944175e+09 0.926294
1.41944575e+09 0.927796
1.41944975e+09 0.930209
1.41945375e+09 0.944119
1.41945775e+09 0.938081
1.41946175e+09 0.927996
1.41946575e+09 0.937822
1.41946975e+09 0.960543
1.41947375e+09 0.963653
1.41947775e+09 0.967929
1.41948175e+09 0.968778
1.41948575e+09 0.962842
1.41948975e+09 0.964583
1.41949375e+09 0.968635
1.41949775e+09 0.973586
1.41950175e+09 0.986986
1.41950575e+09 0.986985
1.41950975e+09 0.974187
1.41951375e+09 1.00168
1.41951775e+09 0.991529
1.41952175e+09 0.97949
1.41952575e+09 1.0124
1.41952975e+09 1.01268
1.41953375e+09 1.01253
1.41953775e+09 1.01845
1.41954175e+09 1.01199
1.41954575e+09 1.00754
1.41954975e+09 1.02191
1.41955375e+09 1.0168
1.41955775e+09 1.02707
1.41956175e+09 1.01197
1.41956575e+09 1.02184
1.41956975e+09 1.0141
1.41957375e+09 1.01354
1.41957775e+09 1.02142
1.41958175e+09 1.0176
1.41958575e+09 1.01566
1.41958975e+09 1.01238
1.41959375e+09 1.01959
1.41959775e+09 1.02058
1.41960175e+09 1.01796
1.41960575e+09 1.02459
1.41960975e+09 1.00643
1.41961375e+09 0.996932
1.41961775e+09 1.01199
1.41962175e+09 1.00882
1.41962575e+09 1.00441
1.41962975e+09 1.01766
1.41963375e+09 1.01453
1.41963775e+09 0.997202
1.41964175e+09 1.01244
1.41964575e+09 1.03555
1.41964975e+09 1.00467
1.41965375e+09 1.01754
1.41965775e+09 1.00598
1.41966175e+09 1.01649
1.41966575e+09 1.00508
1.41966975e+09 1.01229
1.41967375e+09 1.01594
1.41967775e+09 1.00461
1.41968175e+09 1.00304
1.41968575e+09 1.01035
1.41968975e+09 1.00093
1.41969375e+09 1.00308
1.41969775e+09 1.01135
1.41970175e+09 1.00034
1.41970575e+09 1.00905
1.41970975e+09 0.993178
1.41971375e+09 0.98522
1.41971775e+09 0.986943
1.41972175e+09 0.989125
1.41972575e+09 0.993375
1.41972975e+09 0.992159
1.41973375e+09 1.01416
1.41973775e+09 0.997934
1.41974175e+09 0.992367
1.41974575e+09 0.997194
1.41974975e+09 0.982209
1.41975375e+09 0.994901
1.41975775e+09 0.991
1.41976175e+09 0.996622
1.41976575e+09 0.989761
1.41976975e+09 1.00089
1.41977375e+09 0.985741
1.41977775e+09 0.993531
1.41978175e+09 0.987826
1.41978575e+09 0.995994
1.41978975e+09 0.986459
1.41979375e+09 0.999001
1.41979775e+09 1.00356
1.41980175e+09 0.990631
1.41980575e+09 0.980878
1.41980975e+09 0.968046
1.41981375e+09 0.974813
1.41981775e+09 0.9639
1.41982175e+09 0.984534
1.41982575e+09 0.98039
1.41982975e+09 0.976813
1.41983375e+09 0.969318
1.41983775e+09 0.978891
1.41984175e+09 0.97661
1.41984575e+09 0.977304
1.41984975e+09 0.978931
1.41985375e+09 0.97916
1.41985775e+09 0.970243
1.41986175e+09 0.975571
1.41986575e+09 0.965803
1.41986975e+09 0.972313
1.41987375e+09 0.979529
1.41987775e+09 0.986413
1.41988175e+09 0.986307
1.41988575e+09 0.973154
1.41988975e+09 0.975091
1.41989375e+09 0.981721
1.41989775e+09 0.96656
1.41990175e+09 0.969873
1.41990575e+09 0.966448
1.41990975e+09 0.984133
1.41991375e+09 0.968694
1.41991775e+09 0.97504
1.41992175e+09 0.980235
1.41992575e+09 0.976584
1.41992975e+09 0.981189
1.41993375e+09 0.970049
1.41993775e+09 0.97212
1.41994175e+09 0.965743
1.41994575e+09 0.962211
1.41994975e+09 0.986249
1.41995375e+09 0.978168
1.41995775e+09 0.978299
1.41996175e+09 0.967824
1.41996575e+09 0.972719
1.41996975e+09 0.977894
1.41997375e+09 0.96659
1.41997775e+09 0.988514
1.41998175e+09 0.976496
1.41998575e+09 0.989576
1.41998975e+09 0.969007
1.41999375e+09 0.973596
1.41999775e+09 0.975044
1.42000175e+09 0.988038
1.42000575e+09 0.964704
1.42000975e+09 0.974867
1.42001375e+09 0.97435
1.42001775e+09 0.968018
1.42002175e+09 0.968758
1.42002575e+09 0.976667
1.42002975e+09 0.975601
1.42003375e+09 0.98024
1.42003775e+09 0.968003
1.42004175e+09 0.974817
1.42004575e+09 0.968103
1.42004975e+09 0.984209
1.42005375e+09 0.984269
1.42005775e+09 0.963787
1.42006175e+09 0.978489
1.42006575e+09 0.986707
1.42006975e+09 0.981554
1.42007375e+09 0.971771
1.42007775e+09 0.967447
1.42008175e+09 0.971955
1.42008575e+09 0.985822
1.42008975e+09 0.964569
1.42009375e+09 0.975456
1.42009775e+09 0.966328
1.42010175e+09 0.978513
1.42010575e+09 0.978111
1.42010975e+09 0.978854
1.42011375e+09 0.97367
1.42011775e+09 0.97461
1.42012175e+09 0.985977
1.42012575e+09 0.980487
1.42012975e+09 0.971466
1.42013375e+09 0.97825
1.42013775e+09 0.986392
1.42014175e+09 0.97341
1.42014575e+09 0.962985
1.42014975e+09 0.970351
1.42015375e+09 0.962658
1.42015775e+09 0.968647
1.42016175e+09 0.967671
1.42016575e+09 0.962979
1.42016975e+09 0.959472
1.42017375e+09 0.954884
1.42017775e+09 0.953048
1.42018175e+09 0.949343
1.42018575e+09 0.95813
1.42018975e+09 0.961884
1.42019375e+09 0.950483
1.42019775e+09 0.940081
1.42020175e+09 0.945734
1.42020575e+09 0.945588
1.42020975e+09 0.937729
1.42021375e+09 0.941548
1.42021775e+09 0.938496
1.42022175e+09 0.943802
1.42022575e+09 0.938162
1.42022975e+09 0.937849
1.42023375e+09 0.939902
1.42023775e+09 0.93814
1.42024175e+09 0.941442
1.42024575e+09 0.946848
1.42024975e+09 0.957373
1.42025375e+09 0.940049
1.42025775e+09 0.947001
1.42026175e+09 0.946862
1.42026575e+09 0.943353
1.42026975e+09 0.952016
1.42027375e+09 0.945105
1.42027775e+09 0.962945
1.42028175e+09 0.945923
1.42028575e+09 0.96537
1.42028975e+09 0.963669
1.42029375e+09 0.977616
1.42029775e+09 0.977242
1.42030175e+09 0.967115
1.42030575e+09 0.989068
1.42030975e+09 0.975149
1.42031375e+09 0.977085
1.42031775e+09 0.959776
1.42032175e+09 0.957621
1.42032575e+09 0.972808
1.42032975e+09 0.96326
1.42033375e+09 0.956084
1.42033775e+09 0.9531
1.42034175e+09 0.952119
1.42034575e+09 0.948552
1.42034975e+09 0.934727
1.42035375e+09 0.933227
1.42035775e+09 0.934476
1.42036175e+09 0.932007
1.42036575e+09 0.936152
1.42036975e+09 0.924648
1.42037375e+09 0.924132
1.42037775e+09 0.919824
1.42038175e+09 0.929741
1.42038575e+09 0.918197
1.42038975e+09 0.91989
1.42039375e+09 0.921546
1.42039775e+09 0.925192
1.42040175e+09 0.91021
1.42040575e+09 0.913005
1.42040975e+09 0.915697
1.42041375e+09 0.933469
1.42041775e+09 0.912473
1.42042175e+09 0.919225
1.42042575e+09 0.901486
1.42042975e+09 0.891102
1.42043375e+09 0.884514
1.42043775e+09 0.878838
1.42044175e+09 0.881178
1.42044575e+09 0.874742
1.42044975e+09 0.873906
1.42045375e+09 0.857404
1.42045775e+09 0.85327
1.42046175e+09 0.843122
1.42046575e+09 0.865674
1.42046975e+09 0.866866
1.42047375e+09 0.849902
1.42047775e+09 0.859141
1.42048175e+09 0.847727
1.42048575e+09 0.860786
1.42048975e+09 0.846587
1.42049375e+09 0.863106
1.42049775e+09 0.851447
1.42050175e+09 0.868943
1.42050575e+09 0.872948
1.42050975e+09 0.871097
1.42051375e+09 0.868753
1.42051775e+09 0.860951
1.42052175e+09 0.861863
1.42052575e+09 0.856036
1.42052975e+09 0.859019
1.42053375e+09 0.858052
1.42053775e+09 0.86682
1.42054175e+09 0.859616
1.42054575e+09 0.861506
1.42054975e+09 0.869765
1.42055375e+09 0.874653
1.42055775e+09 0.856504
1.42056175e+09 0.861193
1.42056575e+09 0.862792
1.42056975e+09 0.856634
1.42057375e+09 0.870836
1.42057775e+09 0.846016
1.42058175e+09 0.864944
1.42058575e+09 0.879504
1.42058975e+09 0.85731
1.42059375e+09 0.868358
1.42059775e+09 0.843705
1.42060175e+09 0.849126
1.42060575e+09 0.857479
1.42060975e+09 0.855915
1.42061375e+09 0.854135
1.42061775e+09 0.867834
1.42062175e+09 0.846314
1.42062575e+09 0.842647
1.42062975e+09 0.853931
1.42063375e+09 0.846756
1.42063775e+09 0.866732
1.42064175e+09 0.852788
1.42064575e+09 0.852554
1.42064975e+09 0.850404
1.42065375e+09 0.860185
1.42065775e+09 0.852023
1.42066175e+09 0.856288
1.42066575e+09 0.853694
1.42066975e+09 0.851682
1.42067375e+09 0.838181
1.42067775e+09 0.84321
1.42068175e+09 0.848456
1.42068575e+09 0.847753
1.42068975e+09 0.850794
1.42069375e+09 0.84365
1.42069775e+09 0.857281
1.42070175e+09 0.852217
1.42070575e+09 0.8516
1.42070975e+09 0.832086
1.42071375e+09 0.840577
1.42071775e+09 0.837527
1.42072175e+09 0.828631
1.42072575e+09 0.842674
1.42072975e+09 0.846431
1.42073375e+09 0.835494
1.42073775e+09 0.836436
1.42074175e+09 0.86935
1.42074575e+09 0.844465
1.42074975e+09 0.842223
1.42075375e+09 0.832935
1.42075775e+09 0.857301
1.42076175e+09 0.8606
1.42076575e+09 0.84876
1.42076975e+09 0.835608
1.42077375e+09 0.846725
1.42077775e+09 0.850277
1.42078175e+09 0.842989
1.42078575e+09 0.849046
1.42078975e+09 0.851118
1.42079375e+09 0.849212
1.42079775e+09 0.84393
1.42080175e+09 0.850154
1.42080575e+09 0.871621
1.42080975e+09 0.842622
1.42081375e+09 0.845131
1.42081775e+09 0.848822
1.42082175e+09 0.853155
1.42082575e+09 0.843091
1.42082975e+09 0.846618
1.42083375e+09 0.850496
1.42083775e+09 0.854588
1.42084175e+09 0.830784
1.42084575e+09 0.839951
1.42084975e+09 0.846155
1.42085375e+09 0.85398
1.42085775e+09 0.851327
1.42086175e+09 0.850703
1.42086575e+09 0.843297
1.42086975e+09 0.86034
1.42087375e+09 0.848839
1.42087775e+09 0.856419
1.42088175e+09 0.843702
1.42088575e+09 0.842871
1.42088975e+09 0.848744
1.42089375e+09 0.851238
1.42089775e+09 0.850806
1.42090175e+09 0.833048
1.42090575e+09 0.843244
1.42090975e+09 0.84699
1.42091375e+09 0.855615
1.42091775e+09 0.850526
1.42092175e+09 0.835691
1.42092575e+09 0.846274
1.42092975e+09 0.859149
1.42093375e+09 0.846461
1.42093775e+09 0.847169
1.42094175e+09 0.84256
1.42094575e+09 0.850502
1.42094975e+09 0.84209
1.42095375e+09 0.840134
1.42095775e+09 0.842773
1.42096175e+09 0.848069
1.42096575e+09 0.846768
1.42096975e+09 0.83887
1.42097375e+09 0.855556
1.42097775e+09 0.83628
1.42098175e+09 0.838765
1.42098575e+09 0.846691
1.42098975e+09 0.845301
1.42099375e+09 0.844716
1.42099775e+09 0.852289
1.42100175e+09 0.850533
1.42100575e+09 0.858439
1.42100975e+09 0.847197
1.42101375e+09 0.841364
1.42101775e+09 0.832557
1.42102175e+09 0.850929
1.42102575e+09 0.838722
1.42102975e+09 0.844704
1.42103375e+09 0.81435
1.42103775e+09 0.828056
1.42104175e+09 0.846924
1.42104575e+09 0.850425
1.42104975e+09 0.839606
1.42105375e+09 0.846277
1.42105775e+09 0.84805
1.42106175e+09 0.847619
1.42106575e+09 0.837174
1.42106975e+09 0.845547
1.42107375e+09 0.848168
1.42107775e+09 0.85881
1.42108175e+09 0.852892
1.42108575e+09 0.841346
1.42108975e+09 0.850144
1.42109375e+09 0.829154
1.42109775e+09 0.837628
1.42110175e+09 0.847898
1.42110575e+09 0.843589
1.42110975e+09 0.849635
1.42111375e+09 0.847833
1.42111775e+09 0.837672
1.42112175e+09 0.843459
1.42112575e+09 0.856295
1.42112975e+09 0.845565
1.42113375e+09 0.832369
1.42113775e+09 0.84356
1.42114175e+09 0.857002
1.42114575e+09 0.833993
1.42114975e+09 0.858495
1.42115375e+09 0.833543
1.42115775e+09 0.840397
1.42116175e+09 0.838309
1.42116575e+09 0.835386
1.42116975e+09 0.844157
1.42117375e+09 0.84183
1.42117775e+09 0.855716
1.42118175e+09 0.853488
1.42118575e+09 0.829593
1.42118975e+09 0.8402
1.42119375e+09 0.848888
1.42119775e+09 0.845131
1.42120175e+09 0.849579
1.42120575e+09 0.836955
1.42120975e+09 0.857803
1.42121375e+09 0.839388
1.42121775e+09 0.867217
1.42122175e+09 0.840215
1.42122575e+09 0.841985
1.42122975e+09 0.847946
1.42123375e+09 0.833588
1.42123775e+09 0.860761
1.42124175e+09 0.858294
1.42124575e+09 0.852923
1.42124975e+09 0.848197
1.42125375e+09 0.858295
1.42125775e+09 0.851811
1.42126175e+09 0.852282
1.42126575e+09 0.841568
1.42126975e+09 0.855712
1.42127375e+09 0.863538
1.42127775e+09 0.867192
1.42128175e+09 0.864614
1.42128575e+09 0.86747
1.42128975e+09 0.85883
1.42129375e+09 0.867277
1.42129775e+09 0.865087
1.42130175e+09 0.8652
1.42130575e+09 0.863021
1.42130975e+09 0.877996
1.42131375e+09 0.870018
1.42131775e+09 0.863121
1.42132175e+09 0.871691
1.42132575e+09 0.879019
1.42132975e+09 0.884645
1.42133375e+09 0.892327
1.42133775e+09 0.874487
1.42134175e+09 0.885268
1.42134575e+09 0.880579
1.42134975e+09 0.88502
1.42135375e+09 0.882448
1.42135775e+09 0.896934
1.42136175e+09 0.882342
1.42136575e+09 0.888823
1.42136975e+09 0.891855
1.42137375e+09 0.876466
1.42137775e+09 0.883264
1.42138175e+09 0.9102
1.42138575e+09 0.883502
1.42138975e+09 0.909131
1.42139375e+09 0.91058
1.42139775e+09 0.91474
1.42140175e+09 0.898854


